generation idgenome noveltyfit locofit finalfit balfit novlfit penfit idparent1 idparent2 
1 0 0.159697 0.00267345 0.00267345 0.94576 0 0 N N 
1 1 0.450045 0.00146996 0.00146996 0.935051 0 0 N N 
1 2 0.20025 0.00183922 0.00183922 0.996505 0 0 N N 
1 3 0 0 0 0 0 0 N N 
1 4 0.587199 0 0 0 0 0 N N 
1 5 0.326227 0.00335893 0.00335893 0.996207 0 0 N N 
1 6 0.310437 0 0 0 0 0 N N 
1 7 0 0.000468653 0.000468653 0.981845 0 0 N N 
1 8 0.187523 0 0 0 0 0 N N 
1 9 0 0.000617632 0.000617632 0.970245 0 0 N N 
1 10 0.281563 0.000669739 0.000669739 0.954175 0 0 N N 
1 11 0.05 6.05169e-07 6.05169e-07 0.9999 0 0 N N 
1 12 0.186757 0.000122641 0.000122641 0.996256 0 0 N N 
1 13 0.492124 0.000317971 0.000317971 0.997644 0 0 N N 
1 14 0 0 0 0 0 0 N N 
1 15 0 0.00236248 0.00236248 0.953851 0 0 N N 
1 16 0.362731 0.000187462 0.000187462 0.998022 0 0 N N 
1 17 0.0344819 0.00251282 0.00251282 0.876334 0 0 N N 
1 18 0.181328 0.00161657 0.00161657 0.983409 0 0 N N 
1 19 0.0344819 0.000621019 0.000621019 0.982392 0 0 N N 
1 20 0.498783 0 0 0 0 0 N N 
1 21 0.251376 0.0046369 0.0046369 0.967645 0 0 N N 
1 22 0.187523 0.00776134 0.00776134 0.946029 0 0 N N 
1 23 0 0 0 0 0 0 N N 
1 24 0.240554 0 0 0 0 0 N N 
1 25 0.966278 1.74958e-08 1.74958e-08 0.999999 0 0 N N 
1 26 0.0879116 0.00157484 0.00157484 0.982559 0 0 N N 
1 27 0.186757 0.000694005 0.000694005 0.989361 0 0 N N 
1 28 0.0879116 0 0 0 0 0 N N 
1 29 0.472523 0 0 0 0 0 N N 
1 30 0.213565 0.00215263 0.00215263 0.941214 0 0 N N 
1 31 0.309243 0.000441513 0.000441513 0.995325 0 0 N N 
1 32 0.05 0.000237021 0.000237021 0.974751 0 0 N N 
1 33 0.329473 2.75463e-05 2.75463e-05 0.998184 0 0 N N 
1 34 0.158066 0.00115986 0.00115986 0.97339 0 0 N N 
1 35 0.2 6.46278e-05 6.46278e-05 0.998615 0 0 N N 
1 36 0.176708 0.00429083 0.00429083 0.973686 0 0 N N 
1 37 0.205402 0.00972161 0.00972161 0.554759 0 0 N N 
1 38 0.426988 0.000305058 0.000305058 0.979575 0 0 N N 
1 39 0 0.000349501 0.000349501 0.970225 0 0 N N 
1 40 0.202114 0.0155787 0.0155787 0.710995 0 0 N N 
1 41 0.249868 0 0 0 0 0 N N 
1 42 0.298057 0 0 0 0 0 N N 
1 43 0.05 0 0 0 0 0 N N 
1 44 0 0.000810034 0.000810034 0.993454 0 0 N N 
1 45 0.347933 0 0 0 0 0 N N 
1 46 0.385842 0.000199874 0.000199874 0.981927 0 0 N N 
1 47 0.281563 0 0 0 0 0 N N 
1 48 0.274078 0.000581599 0.000581599 0.987466 0 0 N N 
1 49 0 0 0 0 0 0 N N 
1 50 0.20221 0 0 0 0 0 N N 
1 51 0 0 0 0 0 0 N N 
1 52 0.37409 5.31529e-07 5.31529e-07 0.999876 0 0 N N 
1 53 0.0344819 0.000782119 0.000782119 0.992912 0 0 N N 
1 54 0.0344819 0.00378818 0.00378818 0.970925 0 0 N N 
1 55 0.298719 0.00292614 0.00292614 0.995938 0 0 N N 
1 56 0.140748 0.000316486 0.000316486 0.966536 0 0 N N 
1 57 0.186757 0.000282473 0.000282473 0.976595 0 0 N N 
1 58 0 0.00106533 0.00106533 0.980937 0 0 N N 
1 59 0.257747 1.34477e-05 1.34477e-05 0.999935 0 0 N N 
1 60 0 6.29522e-06 6.29522e-06 0.998456 0 0 N N 
1 61 0 6.27095e-08 6.27095e-08 0.999997 0 0 N N 
1 62 0 0.00530946 0.00530946 0.70572 0 0 N N 
1 63 0 8.75215e-05 8.75215e-05 0.994083 0 0 N N 
1 64 0.056356 0.00931874 0.00931874 0.988694 0 0 N N 
1 65 0 0.00100913 0.00100913 0.965776 0 0 N N 
1 66 0.270117 0.00747053 0.00747053 0.886679 0 0 N N 
1 67 0.240554 0 0 0 0 0 N N 
1 68 0.492124 0 0 0 0 0 N N 
1 69 0 0.012282 0.012282 0.745934 0 0 N N 
1 70 0.260472 0 0 0 0 0 N N 
1 71 0.309243 0.0011164 0.0011164 0.993124 0 0 N N 
1 72 0 0.000770413 0.000770413 0.980983 0 0 N N 
1 73 0.05 1.52101e-06 1.52101e-06 0.999758 0 0 N N 
1 74 0.299278 0.000831985 0.000831985 0.948817 0 0 N N 
1 75 0 0.00127762 0.00127762 0.97202 0 0 N N 
1 76 0.2 5.03097e-05 5.03097e-05 0.998246 0 0 N N 
1 77 0.579169 0 0 0 0 0 N N 
1 78 0.186757 3.07611e-07 3.07611e-07 0.99983 0 0 N N 
1 79 0.213565 0.00442063 0.00442063 0.993695 0 0 N N 
1 80 0.233723 0.00303979 0.00303979 0.84329 0 0 N N 
1 81 0 0.00081512 0.00081512 0.984244 0 0 N N 
1 82 0.204644 0.000136676 0.000136676 0.99558 0 0 N N 
1 83 0.2 3.65097e-07 3.65097e-07 0.999962 0 0 N N 
1 84 0.202114 9.16225e-05 9.16225e-05 0.994188 0 0 N N 
1 85 0 3.66365e-05 3.66365e-05 0.994358 0 0 N N 
1 86 0.678937 0.000128841 0.000128841 0.998848 0 0 N N 
1 87 0 0 0 0 0 0 N N 
1 88 0 0.00054629 0.00054629 0.991147 0 0 N N 
1 89 0.408588 0 0 0 0 0 N N 
1 90 0.30135 0.00234744 0.00234744 0.938404 0 0 N N 
1 91 0.257747 0.000177052 0.000177052 0.993853 0 0 N N 
1 92 0.354062 0.000163321 0.000163321 0.948861 0 0 N N 
1 93 0.296736 0.00175094 0.00175094 0.892893 0 0 N N 
1 94 0.132718 0.00016785 0.00016785 0.988264 0 0 N N 
1 95 0.25 0 0 0 0 0 N N 
1 96 0.181328 0.000396437 0.000396437 0.983379 0 0 N N 
1 97 0.208874 0.00282306 0.00282306 0.986513 0 0 N N 
1 98 0.342433 0.00270633 0.00270633 0.972829 0 0 N N 
1 99 0.476861 0 0 0 0 0 N N 
2 0 0.125 0.00267345 0.00267345 0.94576 0 0 N N 
2 1 0.450045 0.00146996 0.00146996 0.935051 0 0 N N 
2 2 0.20025 0.00183922 0.00183922 0.996505 0 0 N N 
2 3 0 0 0 0 0 0 N N 
2 4 0.587199 0 0 0 0 0 N N 
2 5 0.326227 0.00335893 0.00335893 0.996207 0 0 N N 
2 6 0.243448 0 0 0 0 0 N N 
2 7 0 0.000468653 0.000468653 0.981845 0 0 N N 
2 8 0.136773 0 0 0 0 0 N N 
2 9 0 0.000617632 0.000617632 0.970245 0 0 N N 
2 10 0.281563 0.000669739 0.000669739 0.954175 0 0 N N 
2 11 0.05 6.05169e-07 6.05169e-07 0.9999 0 0 N N 
2 12 0.186757 0.000122641 0.000122641 0.996256 0 0 N N 
2 13 0 0.000317971 0.000317971 0.997644 0 0 N N 
2 14 0 0 0 0 0 0 N N 
2 15 0 0.00236248 0.00236248 0.953851 0 0 N N 
2 16 0.362731 0.000187462 0.000187462 0.998022 0 0 N N 
2 17 0.0344819 0.00251282 0.00251282 0.876334 0 0 N N 
2 18 0 0.00161657 0.00161657 0.983409 0 0 N N 
2 19 0 0.000621019 0.000621019 0.982392 0 0 N N 
2 20 0.344026 0 0 0 0 0 N N 
2 21 0.218382 0.0046369 0.0046369 0.967645 0 0 N N 
2 22 0.187523 0.00776134 0.00776134 0.946029 0 0 N N 
2 23 0 0 0 0 0 0 N N 
2 24 0.240554 0 0 0 0 0 N N 
2 25 0 1.74958e-08 1.74958e-08 0.999999 0 0 N N 
2 26 0.0879116 0.00157484 0.00157484 0.982559 0 0 N N 
2 27 0.186757 0.000694005 0.000694005 0.989361 0 0 N N 
2 28 0.0879116 0 0 0 0 0 N N 
2 29 0.472523 0 0 0 0 0 N N 
2 30 0.213565 0.00215263 0.00215263 0.941214 0 0 N N 
2 31 0 0.000441513 0.000441513 0.995325 0 0 N N 
2 32 0.05 0.000237021 0.000237021 0.974751 0 0 N N 
2 33 0.329473 2.75463e-05 2.75463e-05 0.998184 0 0 N N 
2 34 0.156748 0.00115986 0.00115986 0.97339 0 0 N N 
2 35 0 6.46278e-05 6.46278e-05 0.998615 0 0 N N 
2 36 0 0.00429083 0.00429083 0.973686 0 0 N N 
2 37 0.033541 0.00972161 0.00972161 0.554759 0 0 N N 
2 38 0.402322 0.000305058 0.000305058 0.979575 0 0 N N 
2 39 0 0.000349501 0.000349501 0.970225 0 0 N N 
2 40 0.202114 0.0155787 0.0155787 0.710995 0 0 N N 
2 41 0.214558 0 0 0 0 0 N N 
2 42 0.298057 0 0 0 0 0 N N 
2 43 0.05 0 0 0 0 0 N N 
2 44 0 0.000810034 0.000810034 0.993454 0 0 N N 
2 45 0.347933 0 0 0 0 0 N N 
2 46 0.330067 0.000199874 0.000199874 0.981927 0 0 N N 
2 47 0.281563 0 0 0 0 0 N N 
2 48 0 0.000581599 0.000581599 0.987466 0 0 N N 
2 49 0 0 0 0 0 0 N N 
2 50 0.20221 0 0 0 0 0 N N 
2 51 0 0 0 0 0 0 N N 
2 52 0.37409 5.31529e-07 5.31529e-07 0.999876 0 0 N N 
2 53 0 0.000782119 0.000782119 0.992912 0 0 N N 
2 54 0.0344819 0.00378818 0.00378818 0.970925 0 0 N N 
2 55 0.0160312 0.00292614 0.00292614 0.995938 0 0 N N 
2 56 0.140748 0.000316486 0.000316486 0.966536 0 0 N N 
2 57 0.186757 0.000282473 0.000282473 0.976595 0 0 N N 
2 58 0 0.00106533 0.00106533 0.980937 0 0 N N 
2 59 0.257747 1.34477e-05 1.34477e-05 0.999935 0 0 N N 
2 60 0 6.29522e-06 6.29522e-06 0.998456 0 0 N N 
2 61 0 6.27095e-08 6.27095e-08 0.999997 0 0 N N 
2 62 0 0.00530946 0.00530946 0.70572 0 0 N N 
2 63 0 8.75215e-05 8.75215e-05 0.994083 0 0 N N 
2 64 0 0.00931874 0.00931874 0.988694 0 0 N N 
2 65 0 0.00100913 0.00100913 0.965776 0 0 N N 
2 66 0.0756241 0.00747053 0.00747053 0.886679 0 0 N N 
2 67 0.240554 0 0 0 0 0 N N 
2 68 0.455924 0 0 0 0 0 N N 
2 69 0 0.012282 0.012282 0.745934 0 0 N N 
2 70 0.237206 0 0 0 0 0 N N 
2 71 0.309243 0.0011164 0.0011164 0.993124 0 0 N N 
2 72 0 0.000770413 0.000770413 0.980983 0 0 N N 
2 73 0.05 1.52101e-06 1.52101e-06 0.999758 0 0 N N 
2 74 0.299278 0.000831985 0.000831985 0.948817 0 0 N N 
2 75 0 0.00127762 0.00127762 0.97202 0 0 N N 
2 76 0.2 5.03097e-05 5.03097e-05 0.998246 0 0 N N 
2 77 0.342528 0 0 0 0 0 N N 
2 78 0 3.07611e-07 3.07611e-07 0.99983 0 0 N N 
2 79 0.20034 0.00442063 0.00442063 0.993695 0 0 N N 
2 80 0.233723 0.00303979 0.00303979 0.84329 0 0 N N 
2 81 0 0.00081512 0.00081512 0.984244 0 0 N N 
2 82 0 0.000136676 0.000136676 0.99558 0 0 N N 
2 83 0.2 3.65097e-07 3.65097e-07 0.999962 0 0 N N 
2 84 0.193046 9.16225e-05 9.16225e-05 0.994188 0 0 N N 
2 85 0 3.66365e-05 3.66365e-05 0.994358 0 0 N N 
2 86 0.360251 0.000128841 0.000128841 0.998848 0 0 N N 
2 87 0 0 0 0 0 0 N N 
2 88 0 0.00054629 0.00054629 0.991147 0 0 N N 
2 89 0.408588 0 0 0 0 0 N N 
2 90 0.30135 0.00234744 0.00234744 0.938404 0 0 N N 
2 91 0.257747 0.000177052 0.000177052 0.993853 0 0 N N 
2 92 0.343229 0.000163321 0.000163321 0.948861 0 0 N N 
2 93 0.292862 0.00175094 0.00175094 0.892893 0 0 N N 
2 94 0.132718 0.00016785 0.00016785 0.988264 0 0 N N 
2 95 0.25 0 0 0 0 0 N N 
2 96 0.181328 0.000396437 0.000396437 0.983379 0 0 N N 
2 97 0.208874 0.00282306 0.00282306 0.986513 0 0 N N 
2 98 0 0.00270633 0.00270633 0.972829 0 0 N N 
2 99 0 0 0 0 0 0 N N 
2 100 0 0.00176268 0.00176268 0.992688 0 0 54 38 
2 101 0.342528 0 0 0 0 0 89 98 
2 102 0 0.000900669 0.000900669 0.968393 0 0 75 19 
2 103 0.0756241 0.00557959 0.00557959 0.887248 0 0 66 21 
2 104 0.166667 2.83073e-05 2.83073e-05 0.998309 0 0 7 90 
2 105 0.272812 8.02276e-06 8.02276e-06 0.999977 0 0 13 83 
2 106 0.033541 0.00402565 0.00402565 0.99431 0 0 67 79 
2 107 0.364067 0 0 0 0 0 29 82 
2 108 0 0.00451848 0.00451848 0.64491 0 0 36 53 
2 109 0.166667 1.52952e-06 1.52952e-06 0.999754 0 0 80 32 
2 110 0.2 0.000472135 0.000472135 0.980394 0 0 2 88 
2 111 0 0.0088715 0.0088715 0.69328 0 0 69 81 
2 112 0.32603 0.00132223 0.00132223 0.996849 0 0 22 26 
2 113 0 0.000453707 0.000453707 0.971619 0 0 57 39 
2 114 0.0160312 0.00335967 0.00335967 0.995768 0 0 38 55 
2 115 0.304785 0.0022443 0.0022443 0.916581 0 0 62 30 
2 116 0.118478 0.0158637 0.0158637 0.933236 0 0 55 37 
2 117 0.187055 0.000939117 0.000939117 0.994637 0 0 53 26 
2 118 0.357351 4.08655e-05 4.08655e-05 0.993192 0 0 15 31 
2 119 0 0 0 0 0 0 99 40 
2 120 0.200454 0 0 0 0 0 90 21 
2 121 0.360251 0.000295375 0.000295375 0.991242 0 0 56 35 
2 122 0.402322 0.000144244 0.000144244 0.995103 0 0 11 17 
2 123 0 0.00239474 0.00239474 0.973245 0 0 90 98 
2 124 0.218382 0.00265288 0.00265288 0.955399 0 0 67 21 
2 125 0.115265 0.00383576 0.00383576 0.992883 0 0 37 26 
2 126 0.120661 0.00456677 0.00456677 0.711994 0 0 52 62 
2 127 0.125 0.00538579 0.00538579 0.742557 0 0 62 95 
2 128 0.268466 0.00103835 0.00103835 0.949934 0 0 0 2 
2 129 0.19436 0.0245067 0.0245067 0.818165 0 0 62 42 
2 130 0.319133 0.00146846 0.00146846 0.9828 0 0 96 32 
2 131 0.192699 0.00190901 0.00190901 0.995545 0 0 0 40 
2 132 0 0.00733917 0.00733917 0.944592 0 0 7 53 
2 133 0.115265 0.0139534 0.0139534 0.672746 0 0 26 62 
2 134 0.0480417 0.0032857 0.0032857 0.93566 0 0 55 75 
2 135 0 0.00275917 0.00275917 0.987237 0 0 53 19 
2 136 0 0.000629959 0.000629959 0.992716 0 0 96 12 
2 137 0.294274 3.29032e-05 3.29032e-05 0.994711 0 0 78 18 
2 138 0 0.00037163 0.00037163 0.9708 0 0 39 93 
2 139 0.214558 0 0 0 0 0 21 93 
2 140 0.192451 0.00162384 0.00162384 0.996816 0 0 72 31 
2 141 0 0.00852092 0.00852092 0.687812 0 0 65 69 
2 142 0 1.23069e-08 1.23069e-08 0.999999 0 0 25 64 
2 143 0 0.00015082 0.00015082 0.982289 0 0 7 52 
2 144 0.136773 0 0 0 0 0 71 18 
2 145 0.0172046 0.00128022 0.00128022 0.98539 0 0 80 54 
2 146 0 0.000576818 0.000576818 0.987506 0 0 51 48 
2 147 0.156748 0.00141172 0.00141172 0.976719 0 0 84 2 
2 148 0 0.000321855 0.000321855 0.987454 0 0 14 59 
2 149 0 0.000202808 0.000202808 0.997576 0 0 64 13 
3 44 0 0.000810034 0.000810034 0.993454 0 0 N N 
3 98 0 0.00270633 0.00270633 0.972829 0 0 N N 
3 36 0 0.00429083 0.00429083 0.973686 0 0 N N 
3 127 0.05 0.00538579 0.00538579 0.742557 0 0 62 95 
3 112 0.32603 0.00132223 0.00132223 0.996849 0 0 22 26 
3 17 0.0344819 0.00251282 0.00251282 0.876334 0 0 N N 
3 90 0.321818 0.00234744 0.00234744 0.938404 0 0 N N 
3 5 0.326227 0.00335893 0.00335893 0.996207 0 0 N N 
3 62 0 0.00530946 0.00530946 0.70572 0 0 N N 
3 32 0.05 0.000237021 0.000237021 0.974751 0 0 N N 
3 10 0.30692 0.000669739 0.000669739 0.954175 0 0 N N 
3 141 0 0.00852092 0.00852092 0.687812 0 0 65 69 
3 30 0.213565 0.00215263 0.00215263 0.941214 0 0 N N 
3 84 0 9.16225e-05 9.16225e-05 0.994188 0 0 N N 
3 2 0.187091 0.00183922 0.00183922 0.996505 0 0 N N 
3 19 0 0.000621019 0.000621019 0.982392 0 0 N N 
3 105 0.254495 8.02276e-06 8.02276e-06 0.999977 0 0 13 83 
3 34 0.158066 0.00115986 0.00115986 0.97339 0 0 N N 
3 45 0.574264 0 0 0 0 0 N N 
3 61 0 6.27095e-08 6.27095e-08 0.999997 0 0 N N 
3 76 0.2 5.03097e-05 5.03097e-05 0.998246 0 0 N N 
3 140 0.192451 0.00162384 0.00162384 0.996816 0 0 72 31 
3 72 0 0.000770413 0.000770413 0.980983 0 0 N N 
3 27 0.186757 0.000694005 0.000694005 0.989361 0 0 N N 
3 145 0.0172046 0.00128022 0.00128022 0.98539 0 0 80 54 
3 49 0.166667 0 0 0 0 0 N N 
3 18 0 0.00161657 0.00161657 0.983409 0 0 N N 
3 110 0.20034 0.000472135 0.000472135 0.980394 0 0 2 88 
3 114 0.0160312 0.00335967 0.00335967 0.995768 0 0 38 55 
3 146 0 0.000576818 0.000576818 0.987506 0 0 51 48 
3 143 0 0.00015082 0.00015082 0.982289 0 0 7 52 
3 53 0 0.000782119 0.000782119 0.992912 0 0 N N 
3 121 0.360251 0.000295375 0.000295375 0.991242 0 0 56 35 
3 117 0.207671 0.000939117 0.000939117 0.994637 0 0 53 26 
3 123 0 0.00239474 0.00239474 0.973245 0 0 90 98 
3 79 0 0.00442063 0.00442063 0.993695 0 0 N N 
3 37 0.033541 0.00972161 0.00972161 0.554759 0 0 N N 
3 1 0.450045 0.00146996 0.00146996 0.935051 0 0 N N 
3 106 0.0274408 0.00402565 0.00402565 0.99431 0 0 67 79 
3 149 0 0.000202808 0.000202808 0.997576 0 0 64 13 
3 35 0 6.46278e-05 6.46278e-05 0.998615 0 0 N N 
3 59 0.257747 1.34477e-05 1.34477e-05 0.999935 0 0 N N 
3 13 0 0.000317971 0.000317971 0.997644 0 0 N N 
3 75 0 0.00127762 0.00127762 0.97202 0 0 N N 
3 56 0.140748 0.000316486 0.000316486 0.966536 0 0 N N 
3 73 0.05 1.52101e-06 1.52101e-06 0.999758 0 0 N N 
3 100 0 0.00176268 0.00176268 0.992688 0 0 54 38 
3 65 0 0.00100913 0.00100913 0.965776 0 0 N N 
3 55 0.0160312 0.00292614 0.00292614 0.995938 0 0 N N 
3 104 0.166667 2.83073e-05 2.83073e-05 0.998309 0 0 7 90 
3 74 0.299278 0.000831985 0.000831985 0.948817 0 0 N N 
3 51 0.748081 0 0 0 0 0 N N 
3 115 0 0.0022443 0.0022443 0.916581 0 0 62 30 
3 15 0 0.00236248 0.00236248 0.953851 0 0 N N 
3 86 0.360251 0.000128841 0.000128841 0.998848 0 0 N N 
3 102 0 0.000900669 0.000900669 0.968393 0 0 75 19 
3 12 0.186757 0.000122641 0.000122641 0.996256 0 0 N N 
3 58 0 0.00106533 0.00106533 0.980937 0 0 N N 
3 124 0.216598 0.00265288 0.00265288 0.955399 0 0 67 21 
3 138 0 0.00037163 0.00037163 0.9708 0 0 39 93 
3 46 0.330067 0.000199874 0.000199874 0.981927 0 0 N N 
3 135 0 0.00275917 0.00275917 0.987237 0 0 53 19 
3 4 0.419083 0 0 0 0 0 N N 
3 9 0 0.000617632 0.000617632 0.970245 0 0 N N 
3 134 0 0.0032857 0.0032857 0.93566 0 0 55 75 
3 48 0 0.000581599 0.000581599 0.987466 0 0 N N 
3 116 0.118478 0.0158637 0.0158637 0.933236 0 0 55 37 
3 54 0.0344819 0.00378818 0.00378818 0.970925 0 0 N N 
3 89 0.408588 0 0 0 0 0 N N 
3 11 0.05 6.05169e-07 6.05169e-07 0.9999 0 0 N N 
3 88 0 0.00054629 0.00054629 0.991147 0 0 N N 
3 42 0.39851 0 0 0 0 0 N N 
3 6 0.243448 0 0 0 0 0 N N 
3 69 0 0.012282 0.012282 0.745934 0 0 N N 
3 148 0.166667 0.000321855 0.000321855 0.987454 0 0 14 59 
3 22 0.192451 0.00776134 0.00776134 0.946029 0 0 N N 
3 130 0.319133 0.00146846 0.00146846 0.9828 0 0 96 32 
3 128 0 0.00103835 0.00103835 0.949934 0 0 0 2 
3 111 0 0.0088715 0.0088715 0.69328 0 0 69 81 
3 91 0.257747 0.000177052 0.000177052 0.993853 0 0 N N 
3 43 0.05 0 0 0 0 0 N N 
3 57 0.186757 0.000282473 0.000282473 0.976595 0 0 N N 
3 38 0.426988 0.000305058 0.000305058 0.979575 0 0 N N 
3 71 0.309243 0.0011164 0.0011164 0.993124 0 0 N N 
3 108 0 0.00451848 0.00451848 0.64491 0 0 36 53 
3 93 0.210822 0.00175094 0.00175094 0.892893 0 0 N N 
3 129 0.200791 0.0245067 0.0245067 0.818165 0 0 62 42 
3 31 0 0.000441513 0.000441513 0.995325 0 0 N N 
3 81 0 0.00081512 0.00081512 0.984244 0 0 N N 
3 118 0.357351 4.08655e-05 4.08655e-05 0.993192 0 0 15 31 
3 68 0.455924 0 0 0 0 0 N N 
3 101 0.458258 0 0 0 0 0 89 98 
3 0 0.075 0.00267345 0.00267345 0.94576 0 0 N N 
3 40 0.202114 0.0155787 0.0155787 0.710995 0 0 N N 
3 132 0 0.00733917 0.00733917 0.944592 0 0 7 53 
3 131 0.216512 0.00190901 0.00190901 0.995545 0 0 0 40 
3 113 0 0.000453707 0.000453707 0.971619 0 0 57 39 
3 142 0.805559 1.23069e-08 1.23069e-08 0.999999 0 0 25 64 
3 26 0.216512 0.00157484 0.00157484 0.982559 0 0 N N 
3 137 0.248666 3.29032e-05 3.29032e-05 0.994711 0 0 78 18 
3 150 0.61303 0.00451977 0.00451977 0.920499 0 0 90 15 
3 151 0.187091 0.000106326 0.000106326 0.99001 0 0 34 12 
3 152 0.473354 0 0 0 0 0 38 89 
3 153 0.236129 0 0 0 0 0 135 112 
3 154 0.371174 0.000906042 0.000906042 0.997418 0 0 55 13 
3 155 0.192255 0.000943913 0.000943913 0.994757 0 0 131 44 
3 156 0.216598 0.0010032 0.0010032 0.977112 0 0 53 71 
3 157 0.219351 0 0 0 0 0 106 5 
3 158 0.319665 0.00147468 0.00147468 0.997268 0 0 55 146 
3 159 0.566186 0.000428243 0.000428243 0.989682 0 0 1 30 
3 160 0.0587197 0.0186644 0.0186644 0.776479 0 0 129 140 
3 161 0.0274408 0.00168997 0.00168997 0.994638 0 0 31 106 
3 162 0.247356 0.00109542 0.00109542 0.938396 0 0 90 131 
3 163 0.248666 0.00116019 0.00116019 0.985947 0 0 5 146 
3 164 0 0.00561118 0.00561118 0.993423 0 0 17 79 
3 165 0.4 0.000178142 0.000178142 0.996684 0 0 148 140 
3 166 0.244125 0.00512025 0.00512025 0.945896 0 0 129 115 
3 167 0.166667 1.95433e-06 1.95433e-06 0.999372 0 0 118 5 
3 168 0.450718 0.00092406 0.00092406 0.955022 0 0 74 56 
3 169 0.213082 5.75614e-07 5.75614e-07 0.999873 0 0 132 54 
3 170 0.0172046 0.00639746 0.00639746 0.670459 0 0 15 111 
3 171 0 0.000528983 0.000528983 0.991026 0 0 118 75 
3 172 0.218247 0 0 0 0 0 15 22 
3 173 0.210822 0.0134484 0.0134484 0.939384 0 0 81 141 
3 174 0.132718 7.63758e-06 7.63758e-06 0.998684 0 0 108 61 
3 175 0 0.000594749 0.000594749 0.970111 0 0 12 9 
3 176 0.450718 0.000668884 0.000668884 0.957857 0 0 2 0 
3 177 0 7.78125e-05 7.78125e-05 0.998568 0 0 36 35 
3 178 0 0.00137404 0.00137404 0.97395 0 0 75 111 
3 179 0.303241 0.00347534 0.00347534 0.932171 0 0 123 129 
3 180 0.239343 0.00183505 0.00183505 0.952759 0 0 17 90 
3 181 0.361233 0 0 0 0 0 112 10 
3 182 0.166667 2.64746e-07 2.64746e-07 0.99981 0 0 135 79 
3 183 0.05 0.000627252 0.000627252 0.955486 0 0 36 134 
3 184 0.16778 0.00423101 0.00423101 0.9422 0 0 79 90 
3 185 0 0.00041588 0.00041588 0.969453 0 0 9 100 
3 186 0.236735 2.15509e-06 2.15509e-06 0.999892 0 0 130 135 
3 187 0.458746 0 0 0 0 0 98 1 
3 188 0 9.41082e-05 9.41082e-05 0.994149 0 0 128 84 
3 189 0.0172046 0.00434774 0.00434774 0.981319 0 0 69 26 
3 190 0.300541 0 0 0 0 0 22 59 
3 191 0.235697 0.000878358 0.000878358 0.971713 0 0 32 135 
3 192 0 0.00272931 0.00272931 0.972496 0 0 10 123 
3 193 0.235651 0 0 0 0 0 108 93 
3 194 0.232741 0.000600374 0.000600374 0.989048 0 0 141 110 
3 195 0.312441 0.000634094 0.000634094 0.970476 0 0 124 6 
3 196 0.381794 0 0 0 0 0 10 17 
3 197 0.235651 0 0 0 0 0 93 54 
3 198 0.192255 0.00381096 0.00381096 0.963295 0 0 34 13 
3 199 0.281441 0.00253285 0.00253285 0.941566 0 0 10 74 
4 17 0 0.00251282 0.00251282 0.876334 0 0 N N 
4 129 0.212052 0.0245067 0.0245067 0.818165 0 0 62 42 
4 58 0 0.00106533 0.00106533 0.980937 0 0 N N 
4 185 0 0.00041588 0.00041588 0.969453 0 0 9 100 
4 69 0 0.012282 0.012282 0.745934 0 0 N N 
4 162 0.192493 0.00109542 0.00109542 0.938396 0 0 90 131 
4 146 0 0.000576818 0.000576818 0.987506 0 0 51 48 
4 98 0 0.00270633 0.00270633 0.972829 0 0 N N 
4 176 0.450718 0.000668884 0.000668884 0.957857 0 0 2 0 
4 135 0 0.00275917 0.00275917 0.987237 0 0 53 19 
4 130 0.319133 0.00146846 0.00146846 0.9828 0 0 96 32 
4 112 0.283088 0.00132223 0.00132223 0.996849 0 0 22 26 
4 81 0 0.00081512 0.00081512 0.984244 0 0 N N 
4 45 0.625081 0 0 0 0 0 N N 
4 154 0.371174 0.000906042 0.000906042 0.997418 0 0 55 13 
4 158 0.319665 0.00147468 0.00147468 0.997268 0 0 55 146 
4 124 0.248369 0.00265288 0.00265288 0.955399 0 0 67 21 
4 181 0.361233 0 0 0 0 0 112 10 
4 174 0.132718 7.63758e-06 7.63758e-06 0.998684 0 0 108 61 
4 9 0 0.000617632 0.000617632 0.970245 0 0 N N 
4 178 0 0.00137404 0.00137404 0.97395 0 0 75 111 
4 199 0.198166 0.00253285 0.00253285 0.941566 0 0 10 74 
4 123 0 0.00239474 0.00239474 0.973245 0 0 90 98 
4 114 0.0160312 0.00335967 0.00335967 0.995768 0 0 38 55 
4 190 0 0 0 0 0 0 22 59 
4 191 0.235697 0.000878358 0.000878358 0.971713 0 0 32 135 
4 74 0.261657 0.000831985 0.000831985 0.948817 0 0 N N 
4 163 0.248666 0.00116019 0.00116019 0.985947 0 0 5 146 
4 138 0 0.00037163 0.00037163 0.9708 0 0 39 93 
4 0 0.125 0.00267345 0.00267345 0.94576 0 0 N N 
4 108 0 0.00451848 0.00451848 0.64491 0 0 36 53 
4 53 0 0.000782119 0.000782119 0.992912 0 0 N N 
4 164 0.20034 0.00561118 0.00561118 0.993423 0 0 17 79 
4 100 0 0.00176268 0.00176268 0.992688 0 0 54 38 
4 55 0.0160312 0.00292614 0.00292614 0.995938 0 0 N N 
4 15 0 0.00236248 0.00236248 0.953851 0 0 N N 
4 5 0 0.00335893 0.00335893 0.996207 0 0 N N 
4 27 0.20025 0.000694005 0.000694005 0.989361 0 0 N N 
4 10 0.30692 0.000669739 0.000669739 0.954175 0 0 N N 
4 198 0.133996 0.00381096 0.00381096 0.963295 0 0 34 13 
4 160 0.0587197 0.0186644 0.0186644 0.776479 0 0 129 140 
4 11 0.361233 6.05169e-07 6.05169e-07 0.9999 0 0 N N 
4 40 0.17978 0.0155787 0.0155787 0.710995 0 0 N N 
4 44 0 0.000810034 0.000810034 0.993454 0 0 N N 
4 86 0.680466 0.000128841 0.000128841 0.998848 0 0 N N 
4 65 0 0.00100913 0.00100913 0.965776 0 0 N N 
4 177 0 7.78125e-05 7.78125e-05 0.998568 0 0 36 35 
4 54 0.0344819 0.00378818 0.00378818 0.970925 0 0 N N 
4 32 0.2 0.000237021 0.000237021 0.974751 0 0 N N 
4 173 0.243314 0.0134484 0.0134484 0.939384 0 0 81 141 
4 165 0.4 0.000178142 0.000178142 0.996684 0 0 148 140 
4 170 0 0.00639746 0.00639746 0.670459 0 0 15 111 
4 61 0 6.27095e-08 6.27095e-08 0.999997 0 0 N N 
4 116 0.0883968 0.0158637 0.0158637 0.933236 0 0 55 37 
4 37 0.033541 0.00972161 0.00972161 0.554759 0 0 N N 
4 110 0.20034 0.000472135 0.000472135 0.980394 0 0 2 88 
4 189 0 0.00434774 0.00434774 0.981319 0 0 69 26 
4 182 0.250311 2.64746e-07 2.64746e-07 0.99981 0 0 135 79 
4 192 0 0.00272931 0.00272931 0.972496 0 0 10 123 
4 18 0 0.00161657 0.00161657 0.983409 0 0 N N 
4 71 0.309243 0.0011164 0.0011164 0.993124 0 0 N N 
4 62 0 0.00530946 0.00530946 0.70572 0 0 N N 
4 169 0 5.75614e-07 5.75614e-07 0.999873 0 0 132 54 
4 111 0 0.0088715 0.0088715 0.69328 0 0 69 81 
4 102 0 0.000900669 0.000900669 0.968393 0 0 75 19 
4 134 0 0.0032857 0.0032857 0.93566 0 0 55 75 
4 159 0.566186 0.000428243 0.000428243 0.989682 0 0 1 30 
4 75 0 0.00127762 0.00127762 0.97202 0 0 N N 
4 161 0 0.00168997 0.00168997 0.994638 0 0 31 106 
4 106 0.0274408 0.00402565 0.00402565 0.99431 0 0 67 79 
4 48 0 0.000581599 0.000581599 0.987466 0 0 N N 
4 179 0.303241 0.00347534 0.00347534 0.932171 0 0 123 129 
4 131 0.216512 0.00190901 0.00190901 0.995545 0 0 0 40 
4 76 0.2 5.03097e-05 5.03097e-05 0.998246 0 0 N N 
4 117 0.207671 0.000939117 0.000939117 0.994637 0 0 53 26 
4 168 0 0.00092406 0.00092406 0.955022 0 0 74 56 
4 90 0.321818 0.00234744 0.00234744 0.938404 0 0 N N 
4 36 0 0.00429083 0.00429083 0.973686 0 0 N N 
4 30 0.213565 0.00215263 0.00215263 0.941214 0 0 N N 
4 195 0 0.000634094 0.000634094 0.970476 0 0 124 6 
4 140 0.192451 0.00162384 0.00162384 0.996816 0 0 72 31 
4 84 0.0344819 9.16225e-05 9.16225e-05 0.994188 0 0 N N 
4 38 0.490635 0.000305058 0.000305058 0.979575 0 0 N N 
4 145 0 0.00128022 0.00128022 0.98539 0 0 80 54 
4 22 0.192451 0.00776134 0.00776134 0.946029 0 0 N N 
4 166 0 0.00512025 0.00512025 0.945896 0 0 129 115 
4 88 0 0.00054629 0.00054629 0.991147 0 0 N N 
4 26 0.155306 0.00157484 0.00157484 0.982559 0 0 N N 
4 127 0 0.00538579 0.00538579 0.742557 0 0 62 95 
4 150 0.507899 0.00451977 0.00451977 0.920499 0 0 90 15 
4 46 0.330067 0.000199874 0.000199874 0.981927 0 0 N N 
4 137 0.214916 3.29032e-05 3.29032e-05 0.994711 0 0 78 18 
4 2 0.20025 0.00183922 0.00183922 0.996505 0 0 N N 
4 72 0 0.000770413 0.000770413 0.980983 0 0 N N 
4 180 0.193093 0.00183505 0.00183505 0.952759 0 0 17 90 
4 1 0 0.00146996 0.00146996 0.935051 0 0 N N 
4 19 0 0.000621019 0.000621019 0.982392 0 0 N N 
4 141 0 0.00852092 0.00852092 0.687812 0 0 65 69 
4 171 0 0.000528983 0.000528983 0.991026 0 0 118 75 
4 175 0 0.000594749 0.000594749 0.970111 0 0 12 9 
4 200 0.239719 0 0 0 0 0 162 71 
4 201 0.193093 4.15481e-05 4.15481e-05 0.997326 0 0 166 19 
4 202 0 0.00669698 0.00669698 0.96344 0 0 17 145 
4 203 0.0203224 0.00709451 0.00709451 0.746374 0 0 36 108 
4 204 0.0848056 0.00999189 0.00999189 0.819317 0 0 58 164 
4 205 0.120661 0.00405581 0.00405581 0.713923 0 0 166 62 
4 206 0.261657 0.00368095 0.00368095 0.992672 0 0 37 130 
4 207 0.165061 0.00157811 0.00157811 0.985249 0 0 173 32 
4 208 0 0.000726712 0.000726712 0.940576 0 0 100 1 
4 209 0.142549 0.00181727 0.00181727 0.97615 0 0 9 130 
4 210 0.1 5.40613e-07 5.40613e-07 0.999914 0 0 65 169 
4 211 0 0.00531818 0.00531818 0.77118 0 0 54 17 
4 212 0.0295296 0.00363584 0.00363584 0.94291 0 0 116 30 
4 213 0.0344819 0.00132193 0.00132193 0.99469 0 0 123 37 
4 214 0.168345 0.000339749 0.000339749 0.995072 0 0 131 199 
4 215 0.178323 0.00184118 0.00184118 0.9391 0 0 176 88 
4 216 0 0.00412539 0.00412539 0.977457 0 0 134 54 
4 217 0.180153 0.000609037 0.000609037 0.987425 0 0 26 102 
4 218 0 0.00498367 0.00498367 0.947218 0 0 62 166 
4 219 0.32498 0.00217214 0.00217214 0.996501 0 0 158 106 
4 220 0 0.0023678 0.0023678 0.972622 0 0 123 54 
4 221 0 0.0019924 0.0019924 0.996217 0 0 5 192 
4 222 0 0.00802928 0.00802928 0.82567 0 0 90 88 
4 223 0.192493 0.00291757 0.00291757 0.948845 0 0 116 112 
4 224 0 0.00371982 0.00371982 0.994762 0 0 75 160 
4 225 0 0.00365417 0.00365417 0.99639 0 0 106 189 
4 226 0.157376 0.00326595 0.00326595 0.942265 0 0 74 2 
4 227 0.0886228 0.00590951 0.00590951 0.837032 0 0 0 114 
4 228 0 0.00438638 0.00438638 0.944762 0 0 166 30 
4 229 0.130208 0.00124578 0.00124578 0.912543 0 0 189 178 
4 230 0 0.00182587 0.00182587 0.964448 0 0 185 131 
4 231 0 0.00756838 0.00756838 0.742621 0 0 141 135 
4 232 0.27671 0.000850922 0.000850922 0.984355 0 0 129 130 
4 233 0.856162 0 0 0 0 0 84 135 
4 234 0.130208 0.00363317 0.00363317 0.918797 0 0 178 175 
4 235 0.0943451 0.00393838 0.00393838 0.985415 0 0 22 189 
4 236 0 0.000397725 0.000397725 0.996438 0 0 123 81 
4 237 0.268576 0.00457871 0.00457871 0.940691 0 0 102 106 
4 238 0.0883968 0.0182135 0.0182135 0.927281 0 0 116 173 
4 239 0 0.00264829 0.00264829 0.977654 0 0 134 27 
4 240 0 0.00276086 0.00276086 0.972996 0 0 123 19 
4 241 0.34312 0.00427826 0.00427826 0.942069 0 0 27 112 
4 242 0.0848056 0.000467164 0.000467164 0.996492 0 0 164 161 
4 243 0.155306 0.000405669 0.000405669 0.935588 0 0 117 162 
4 244 0.0435431 0.00192587 0.00192587 0.982636 0 0 36 146 
4 245 0.175 0.00123938 0.00123938 0.998707 0 0 27 54 
4 246 0.0510098 0.00197067 0.00197067 0.994332 0 0 27 174 
4 247 0.210872 0.00939386 0.00939386 0.996339 0 0 131 22 
4 248 0 0.000465986 0.000465986 0.982696 0 0 110 58 
4 249 0.221899 0.000381408 0.000381408 0.994487 0 0 18 0 
5 0 0.0993881 0.00267345 0.00267345 0.94576 0 0 N N 
5 100 0 0.00176268 0.00176268 0.992688 0 0 54 38 
5 102 0 0.000900669 0.000900669 0.968393 0 0 75 19 
5 106 0.0274408 0.00402565 0.00402565 0.99431 0 0 67 79 
5 10 0.30692 0.000669739 0.000669739 0.954175 0 0 N N 
5 110 0.1 0.000472135 0.000472135 0.980394 0 0 2 88 
5 111 0 0.0088715 0.0088715 0.69328 0 0 69 81 
5 112 0.184227 0.00132223 0.00132223 0.996849 0 0 22 26 
5 114 0.0160312 0.00335967 0.00335967 0.995768 0 0 38 55 
5 116 0.0767398 0.0158637 0.0158637 0.933236 0 0 55 37 
5 117 0.195002 0.000939117 0.000939117 0.994637 0 0 53 26 
5 123 0 0.00239474 0.00239474 0.973245 0 0 90 98 
5 124 3.25561e-08 0.00265288 0.00265288 0.955399 0 0 67 21 
5 127 0 0.00538579 0.00538579 0.742557 0 0 62 95 
5 129 0.131256 0.0245067 0.0245067 0.818165 0 0 62 42 
5 130 0.319133 0.00146846 0.00146846 0.9828 0 0 96 32 
5 135 0 0.00275917 0.00275917 0.987237 0 0 53 19 
5 137 0.214916 3.29032e-05 3.29032e-05 0.994711 0 0 78 18 
5 138 0 0.00037163 0.00037163 0.9708 0 0 39 93 
5 140 0.192451 0.00162384 0.00162384 0.996816 0 0 72 31 
5 141 0 0.00852092 0.00852092 0.687812 0 0 65 69 
5 145 0.0172046 0.00128022 0.00128022 0.98539 0 0 80 54 
5 150 0.507899 0.00451977 0.00451977 0.920499 0 0 90 15 
5 15 0 0.00236248 0.00236248 0.953851 0 0 N N 
5 160 0.0318277 0.0186644 0.0186644 0.776479 0 0 129 140 
5 161 0 0.00168997 0.00168997 0.994638 0 0 31 106 
5 162 0.192493 0.00109542 0.00109542 0.938396 0 0 90 131 
5 163 0.207581 0.00116019 0.00116019 0.985947 0 0 5 146 
5 164 1.43904e-08 0.00561118 0.00561118 0.993423 0 0 17 79 
5 166 0 0.00512025 0.00512025 0.945896 0 0 129 115 
5 168 0 0.00092406 0.00092406 0.955022 0 0 74 56 
5 169 0 5.75614e-07 5.75614e-07 0.999873 0 0 132 54 
5 170 0 0.00639746 0.00639746 0.670459 0 0 15 111 
5 173 0.243314 0.0134484 0.0134484 0.939384 0 0 81 141 
5 178 0.0480416 0.00137404 0.00137404 0.97395 0 0 75 111 
5 179 0.27131 0.00347534 0.00347534 0.932171 0 0 123 129 
5 17 0 0.00251282 0.00251282 0.876334 0 0 N N 
5 180 0.193093 0.00183505 0.00183505 0.952759 0 0 17 90 
5 189 0 0.00434774 0.00434774 0.981319 0 0 69 26 
5 198 0.133996 0.00381096 0.00381096 0.963295 0 0 34 13 
5 199 0.198166 0.00253285 0.00253285 0.941566 0 0 10 74 
5 19 0 0.000621019 0.000621019 0.982392 0 0 N N 
5 1 0 0.00146996 0.00146996 0.935051 0 0 N N 
5 201 0.193093 4.15481e-05 4.15481e-05 0.997326 0 0 166 19 
5 202 0 0.00669698 0.00669698 0.96344 0 0 17 145 
5 203 0.0203224 0.00709451 0.00709451 0.746374 0 0 36 108 
5 204 0.0848057 0.00999189 0.00999189 0.819317 0 0 58 164 
5 205 3.33364e-07 0.00405581 0.00405581 0.713923 0 0 166 62 
5 206 0 0.00368095 0.00368095 0.992672 0 0 37 130 
5 207 0.163404 0.00157811 0.00157811 0.985249 0 0 173 32 
5 209 0.142549 0.00181727 0.00181727 0.97615 0 0 9 130 
5 210 0.1 5.40613e-07 5.40613e-07 0.999914 0 0 65 169 
5 211 0 0.00531818 0.00531818 0.77118 0 0 54 17 
5 212 6.06915e-09 0.00363584 0.00363584 0.94291 0 0 116 30 
5 213 0 0.00132193 0.00132193 0.99469 0 0 123 37 
5 215 0.155168 0.00184118 0.00184118 0.9391 0 0 176 88 
5 216 0 0.00412539 0.00412539 0.977457 0 0 134 54 
5 218 0 0.00498367 0.00498367 0.947218 0 0 62 166 
5 219 0.240929 0.00217214 0.00217214 0.996501 0 0 158 106 
5 220 0 0.0023678 0.0023678 0.972622 0 0 123 54 
5 222 0 0.00802928 0.00802928 0.82567 0 0 90 88 
5 223 0.0897856 0.00291757 0.00291757 0.948845 0 0 116 112 
5 225 0 0.00365417 0.00365417 0.99639 0 0 106 189 
5 227 0.0886228 0.00590951 0.00590951 0.837032 0 0 0 114 
5 22 0.192451 0.00776134 0.00776134 0.946029 0 0 N N 
5 231 0 0.00756838 0.00756838 0.742621 0 0 141 135 
5 232 0.27671 0.000850922 0.000850922 0.984355 0 0 129 130 
5 234 0 0.00363317 0.00363317 0.918797 0 0 178 175 
5 235 0.0943451 0.00393838 0.00393838 0.985415 0 0 22 189 
5 237 0.268576 0.00457871 0.00457871 0.940691 0 0 102 106 
5 238 0.0760986 0.0182135 0.0182135 0.927281 0 0 116 173 
5 239 0 0.00264829 0.00264829 0.977654 0 0 134 27 
5 240 0 0.00276086 0.00276086 0.972996 0 0 123 19 
5 241 0.343121 0.00427826 0.00427826 0.942069 0 0 27 112 
5 242 6.01298e-09 0.000467164 0.000467164 0.996492 0 0 164 161 
5 245 0.175 0.00123938 0.00123938 0.998707 0 0 27 54 
5 247 0.285491 0.00939386 0.00939386 0.996339 0 0 131 22 
5 248 0 0.000465986 0.000465986 0.982696 0 0 110 58 
5 26 0.155306 0.00157484 0.00157484 0.982559 0 0 N N 
5 2 0.228984 0.00183922 0.00183922 0.996505 0 0 N N 
5 36 0.0203224 0.00429083 0.00429083 0.973686 0 0 N N 
5 37 0.033541 0.00972161 0.00972161 0.554759 0 0 N N 
5 40 0.17978 0.0155787 0.0155787 0.710995 0 0 N N 
5 44 0 0.000810034 0.000810034 0.993454 0 0 N N 
5 46 0.330067 0.000199874 0.000199874 0.981927 0 0 N N 
5 48 0.274078 0.000581599 0.000581599 0.987466 0 0 N N 
5 53 0 0.000782119 0.000782119 0.992912 0 0 N N 
5 54 0.0344819 0.00378818 0.00378818 0.970925 0 0 N N 
5 55 0.0160312 0.00292614 0.00292614 0.995938 0 0 N N 
5 58 0.201124 0.00106533 0.00106533 0.980937 0 0 N N 
5 62 0 0.00530946 0.00530946 0.70572 0 0 N N 
5 65 0 0.00100913 0.00100913 0.965776 0 0 N N 
5 69 0 0.012282 0.012282 0.745934 0 0 N N 
5 71 0.309243 0.0011164 0.0011164 0.993124 0 0 N N 
5 74 0.261657 0.000831985 0.000831985 0.948817 0 0 N N 
5 75 0 0.00127762 0.00127762 0.97202 0 0 N N 
5 81 0 0.00081512 0.00081512 0.984244 0 0 N N 
5 88 0 0.00054629 0.00054629 0.991147 0 0 N N 
5 90 0.304299 0.00234744 0.00234744 0.938404 0 0 N N 
5 9 0 0.000617632 0.000617632 0.970245 0 0 N N 
5 250 0.1 0.000650015 0.000650015 0.970854 0 0 10 9 
5 251 1.43904e-08 0.0042048 0.0042048 0.99338 0 0 164 203 
5 252 0.240929 0.00710419 0.00710419 0.603215 0 0 162 179 
5 253 0.11753 0.017404 0.017404 0.929121 0 0 211 37 
5 254 0.230061 0.00345868 0.00345868 0.915522 0 0 71 22 
5 255 0.117009 0.0120377 0.0120377 0.553484 0 0 198 166 
5 256 0.218442 0 0 0 0 0 206 40 
5 257 0.0282312 0.00451809 0.00451809 0.995128 0 0 169 219 
5 258 3.25561e-08 0.00233986 0.00233986 0.95605 0 0 124 53 
5 259 0.196713 0.0180794 0.0180794 0.882185 0 0 223 179 
5 260 0.186757 6.7971e-05 6.7971e-05 0.993636 0 0 205 15 
5 261 0.257459 0.009533 0.009533 0.9372 0 0 100 166 
5 262 0.184227 0 0 0 0 0 0 166 
5 263 0.159731 0.00017875 0.00017875 0.996347 0 0 145 88 
5 264 0.802551 0 0 0 0 0 204 123 
5 265 0 0.00326703 0.00326703 0.882626 0 0 17 198 
5 266 0.052811 0.00245977 0.00245977 0.996544 0 0 227 44 
5 267 0 0.000304328 0.000304328 0.756155 0 0 102 17 
5 268 0.104523 0.000990296 0.000990296 0.996516 0 0 140 204 
5 269 3.33364e-07 0.00891135 0.00891135 0.59938 0 0 210 138 
5 270 0.159731 0 0 0 0 0 207 135 
5 271 4.52367e-09 0.00709768 0.00709768 0.738082 0 0 162 231 
5 272 0 0.00509993 0.00509993 0.995275 0 0 170 62 
5 273 0.191755 0.00314796 0.00314796 0.956961 0 0 54 127 
5 274 0.155637 0 0 0 0 0 238 36 
5 275 3.33364e-07 0.00643449 0.00643449 0.712537 0 0 205 26 
5 276 0.0993881 3.45769e-05 3.45769e-05 0.999524 0 0 19 203 
5 277 0.0897856 0.00364363 0.00364363 0.969295 0 0 130 223 
5 278 0.061563 0.00201394 0.00201394 0.99044 0 0 54 201 
5 279 0.11753 0.000406753 0.000406753 0.99515 0 0 213 112 
5 280 4.29153e-09 0.00387954 0.00387954 0.996366 0 0 81 225 
5 281 0.207581 0 0 0 0 0 48 207 
5 282 0 0.000764946 0.000764946 0.992856 0 0 15 53 
5 283 0.304299 0.000364473 0.000364473 0.909448 0 0 90 240 
5 284 2.45756e-08 0.00116318 0.00116318 0.981624 0 0 58 110 
5 285 0.161886 0.00188831 0.00188831 0.962584 0 0 48 216 
5 286 0.042 0.0272443 0.0272443 0.712927 0 0 90 166 
5 287 6.01298e-09 0.00170976 0.00170976 0.996489 0 0 242 231 
5 288 0 0.00571588 0.00571588 0.728084 0 0 54 19 
5 289 0 0.00659588 0.00659588 0.617261 0 0 222 106 
5 290 0.340808 0 0 0 0 0 112 238 
5 291 0.103586 0.00968006 0.00968006 0.920892 0 0 206 220 
5 292 0.183805 0.000563565 0.000563565 0.9647 0 0 90 22 
5 293 0 0.0093279 0.0093279 0.775011 0 0 65 211 
5 294 0.0926121 0.00425846 0.00425846 0.953729 0 0 129 40 
5 295 0.348055 0 0 0 0 0 168 141 
5 296 0.205402 0.0025427 0.0025427 0.969402 0 0 127 220 
5 297 0 0.00310915 0.00310915 0.99458 0 0 137 170 
5 298 0.146799 0.00147028 0.00147028 0.943455 0 0 46 129 
5 299 0.450521 0 0 0 0 0 10 130 
6 296 0.205402 0.0025427 0.0025427 0.969402 0 0 127 220 
6 204 2.24608e-08 0.00999189 0.00999189 0.819317 0 0 58 164 
6 255 0.117009 0.0120377 0.0120377 0.553484 0 0 198 166 
6 179 0.27131 0.00347534 0.00347534 0.932171 0 0 123 129 
6 129 0.131256 0.0245067 0.0245067 0.818165 0 0 62 42 
6 62 0 0.00530946 0.00530946 0.70572 0 0 N N 
6 259 0.162355 0.0180794 0.0180794 0.882185 0 0 223 179 
6 245 0.075 0.00123938 0.00123938 0.998707 0 0 27 54 
6 273 0.20942 0.00314796 0.00314796 0.956961 0 0 54 127 
6 140 0.192451 0.00162384 0.00162384 0.996816 0 0 72 31 
6 215 0.14756 0.00184118 0.00184118 0.9391 0 0 176 88 
6 17 0 0.00251282 0.00251282 0.876334 0 0 N N 
6 258 3.25561e-08 0.00233986 0.00233986 0.95605 0 0 124 53 
6 257 0.0282312 0.00451809 0.00451809 0.995128 0 0 169 219 
6 0 0.125 0.00267345 0.00267345 0.94576 0 0 N N 
6 22 0.192451 0.00776134 0.00776134 0.946029 0 0 N N 
6 280 0 0.00387954 0.00387954 0.996366 0 0 81 225 
6 1 0 0.00146996 0.00146996 0.935051 0 0 N N 
6 202 0 0.00669698 0.00669698 0.96344 0 0 17 145 
6 232 0.27671 0.000850922 0.000850922 0.984355 0 0 129 130 
6 69 0 0.012282 0.012282 0.745934 0 0 N N 
6 265 0 0.00326703 0.00326703 0.882626 0 0 17 198 
6 123 0 0.00239474 0.00239474 0.973245 0 0 90 98 
6 124 3.25561e-08 0.00265288 0.00265288 0.955399 0 0 67 21 
6 291 0 0.00968006 0.00968006 0.920892 0 0 206 220 
6 211 0 0.00531818 0.00531818 0.77118 0 0 54 17 
6 297 0 0.00310915 0.00310915 0.99458 0 0 137 170 
6 272 0 0.00509993 0.00509993 0.995275 0 0 170 62 
6 55 0.042 0.00292614 0.00292614 0.995938 0 0 N N 
6 298 0.0896158 0.00147028 0.00147028 0.943455 0 0 46 129 
6 166 0 0.00512025 0.00512025 0.945896 0 0 129 115 
6 26 0.155306 0.00157484 0.00157484 0.982559 0 0 N N 
6 163 0.249956 0.00116019 0.00116019 0.985947 0 0 5 146 
6 2 0.294608 0.00183922 0.00183922 0.996505 0 0 N N 
6 266 0.052811 0.00245977 0.00245977 0.996544 0 0 227 44 
6 15 0 0.00236248 0.00236248 0.953851 0 0 N N 
6 48 0.274078 0.000581599 0.000581599 0.987466 0 0 N N 
6 160 3.33348e-07 0.0186644 0.0186644 0.776479 0 0 129 140 
6 253 0.131256 0.017404 0.017404 0.929121 0 0 211 37 
6 189 4.29153e-09 0.00434774 0.00434774 0.981319 0 0 69 26 
6 275 0.104523 0.00643449 0.00643449 0.712537 0 0 205 26 
6 173 0.262895 0.0134484 0.0134484 0.939384 0 0 81 141 
6 19 0 0.000621019 0.000621019 0.982392 0 0 N N 
6 164 0.174628 0.00561118 0.00561118 0.993423 0 0 17 79 
6 141 0 0.00852092 0.00852092 0.687812 0 0 65 69 
6 241 0.280003 0.00427826 0.00427826 0.942069 0 0 27 112 
6 117 0.144211 0.000939117 0.000939117 0.994637 0 0 53 26 
6 216 0 0.00412539 0.00412539 0.977457 0 0 134 54 
6 234 0 0.00363317 0.00363317 0.918797 0 0 178 175 
6 65 0 0.00100913 0.00100913 0.965776 0 0 N N 
6 269 0 0.00891135 0.00891135 0.59938 0 0 210 138 
6 222 0 0.00802928 0.00802928 0.82567 0 0 90 88 
6 254 0.26656 0.00345868 0.00345868 0.915522 0 0 71 22 
6 168 0 0.00092406 0.00092406 0.955022 0 0 74 56 
6 220 0 0.0023678 0.0023678 0.972622 0 0 123 54 
6 127 0 0.00538579 0.00538579 0.742557 0 0 62 95 
6 285 0.171485 0.00188831 0.00188831 0.962584 0 0 48 216 
6 248 0 0.000465986 0.000465986 0.982696 0 0 110 58 
6 237 0.268576 0.00457871 0.00457871 0.940691 0 0 102 106 
6 111 0 0.0088715 0.0088715 0.69328 0 0 69 81 
6 292 0 0.000563565 0.000563565 0.9647 0 0 90 22 
6 260 0.283882 6.7971e-05 6.7971e-05 0.993636 0 0 205 15 
6 227 0.0886228 0.00590951 0.00590951 0.837032 0 0 0 114 
6 242 6.01298e-09 0.000467164 0.000467164 0.996492 0 0 164 161 
6 203 0.0203224 0.00709451 0.00709451 0.746374 0 0 36 108 
6 284 2.45756e-08 0.00116318 0.00116318 0.981624 0 0 58 110 
6 235 0.0943451 0.00393838 0.00393838 0.985415 0 0 22 189 
6 219 0.240929 0.00217214 0.00217214 0.996501 0 0 158 106 
6 58 0.131826 0.00106533 0.00106533 0.980937 0 0 N N 
6 161 0 0.00168997 0.00168997 0.994638 0 0 31 106 
6 36 0.0203224 0.00429083 0.00429083 0.973686 0 0 N N 
6 277 0.178759 0.00364363 0.00364363 0.969295 0 0 130 223 
6 37 0.0602495 0.00972161 0.00972161 0.554759 0 0 N N 
6 239 0 0.00264829 0.00264829 0.977654 0 0 134 27 
6 180 0.248369 0.00183505 0.00183505 0.952759 0 0 17 90 
6 252 0.240929 0.00710419 0.00710419 0.603215 0 0 162 179 
6 206 0 0.00368095 0.00368095 0.992672 0 0 37 130 
6 135 0 0.00275917 0.00275917 0.987237 0 0 53 19 
6 289 0 0.00659588 0.00659588 0.617261 0 0 222 106 
6 10 0.30692 0.000669739 0.000669739 0.954175 0 0 N N 
6 293 0 0.0093279 0.0093279 0.775011 0 0 65 211 
6 71 0.309243 0.0011164 0.0011164 0.993124 0 0 N N 
6 294 0 0.00425846 0.00425846 0.953729 0 0 129 40 
6 74 0.05 0.000831985 0.000831985 0.948817 0 0 N N 
6 288 0 0.00571588 0.00571588 0.728084 0 0 54 19 
6 256 0.210297 0 0 0 0 0 206 40 
6 54 3.33361e-07 0.00378818 0.00378818 0.970925 0 0 N N 
6 247 0.188345 0.00939386 0.00939386 0.996339 0 0 131 22 
6 145 3.33361e-07 0.00128022 0.00128022 0.98539 0 0 80 54 
6 81 2.45756e-08 0.00081512 0.00081512 0.984244 0 0 N N 
6 238 0.0760986 0.0182135 0.0182135 0.927281 0 0 116 173 
6 212 6.06915e-09 0.00363584 0.00363584 0.94291 0 0 116 30 
6 271 0 0.00709768 0.00709768 0.738082 0 0 162 231 
6 286 0.042 0.0272443 0.0272443 0.712927 0 0 90 166 
6 116 0.0767398 0.0158637 0.0158637 0.933236 0 0 55 37 
6 268 0 0.000990296 0.000990296 0.996516 0 0 140 204 
6 218 0 0.00498367 0.00498367 0.947218 0 0 62 166 
6 231 0 0.00756838 0.00756838 0.742621 0 0 141 135 
6 46 0.368606 0.000199874 0.000199874 0.981927 0 0 N N 
6 199 0.22643 0.00253285 0.00253285 0.941566 0 0 10 74 
6 300 0.15107 0.0154301 0.0154301 0.935933 0 0 206 116 
6 301 3.33348e-07 0.00181252 0.00181252 0.53917 0 0 62 160 
6 302 0.188345 0.00900152 0.00900152 0.959234 0 0 247 37 
6 303 0.0128062 0.00680332 0.00680332 0.81593 0 0 293 36 
6 304 0.147394 0.0012829 0.0012829 0.98476 0 0 265 36 
6 305 0.197576 0.00649582 0.00649582 0.949361 0 0 222 129 
6 306 7.31075e-09 0.00828035 0.00828035 0.915285 0 0 211 111 
6 307 0.0510098 0.00722014 0.00722014 0.617947 0 0 289 204 
6 308 0.310132 0.00181042 0.00181042 0.963023 0 0 269 286 
6 309 0 0.000124703 0.000124703 0.995101 0 0 37 216 
6 310 0.0927146 0.00620022 0.00620022 0.649194 0 0 212 269 
6 311 0 0.000358343 0.000358343 0.994463 0 0 286 297 
6 312 0.222911 0.000644567 0.000644567 0.97767 0 0 62 173 
6 313 0.965575 0 0 0 0 0 293 284 
6 314 0.305856 0.002313 0.002313 0.99564 0 0 252 55 
6 315 0 0.00640848 0.00640848 0.733664 0 0 173 280 
6 316 3.33361e-07 0.00644679 0.00644679 0.864114 0 0 62 135 
6 317 3.33361e-07 0.00288411 0.00288411 0.972713 0 0 140 54 
6 318 0.34441 0.00345588 0.00345588 0.959841 0 0 173 253 
6 319 0 0.00487111 0.00487111 0.935432 0 0 216 211 
6 320 0.513432 2.70488e-05 2.70488e-05 0.989656 0 0 202 220 
6 321 0.577365 7.07902e-05 7.07902e-05 0.997975 0 0 247 127 
6 322 0.144211 0.000585038 0.000585038 0.966747 0 0 211 291 
6 323 0.121107 0.00939319 0.00939319 0.968256 0 0 173 166 
6 324 0.075 0.000543708 0.000543708 0.986383 0 0 173 17 
6 325 0.142857 0.000788579 0.000788579 0.949785 0 0 269 215 
6 326 0.05 0.00118275 0.00118275 0.959067 0 0 166 123 
6 327 0.171485 0.00379508 0.00379508 0.988221 0 0 273 231 
6 328 0.174628 0.00798128 0.00798128 0.969467 0 0 204 216 
6 329 0 0.00401429 0.00401429 0.986922 0 0 129 189 
6 330 0.785704 4.28848e-05 4.28848e-05 0.997973 0 0 265 259 
6 331 0 0.00525057 0.00525057 0.94074 0 0 203 218 
6 332 0.22643 0.0157573 0.0157573 0.940076 0 0 238 127 
6 333 0.197576 0.0100482 0.0100482 0.942581 0 0 22 55 
6 334 0.175074 0.0175063 0.0175063 0.875081 0 0 291 179 
6 335 0.310132 0.000767873 0.000767873 0.982918 0 0 173 26 
6 336 0.0896158 0.00114875 0.00114875 0.969139 0 0 168 277 
6 337 2.24608e-08 0.00117696 0.00117696 0.996082 0 0 166 164 
6 338 0 0.0095932 0.0095932 0.917767 0 0 291 298 
6 339 0 0.00528574 0.00528574 0.975262 0 0 19 227 
6 340 0.211258 0.00407341 0.00407341 0.993929 0 0 247 111 
6 341 0.577437 0 0 0 0 0 0 127 
6 342 0.20179 0.00299325 0.00299325 0.919885 0 0 286 129 
6 343 0 9.81632e-05 9.81632e-05 0.980948 0 0 54 258 
6 344 0.162355 0.0146468 0.0146468 0.933936 0 0 255 259 
6 345 0 0.00473086 0.00473086 0.713494 0 0 2 173 
6 346 0.249956 0.000807348 0.000807348 0.965365 0 0 277 124 
6 347 0.49982 0.000559214 0.000559214 0.988563 0 0 36 265 
6 348 8.06405e-09 0.00545727 0.00545727 0.621533 0 0 252 289 
6 349 0 0.00837271 0.00837271 0.571872 0 0 269 255 
7 215 0.14756 0.00184118 0.00184118 0.9391 0 0 176 88 
7 219 0.184255 0.00217214 0.00217214 0.996501 0 0 158 106 
7 344 0.226316 0.0146468 0.0146468 0.933936 0 0 255 259 
7 237 0.215177 0.00457871 0.00457871 0.940691 0 0 102 106 
7 253 0.131256 0.017404 0.017404 0.929121 0 0 211 37 
7 286 0.0278209 0.0272443 0.0272443 0.712927 0 0 90 166 
7 140 0.192451 0.00162384 0.00162384 0.996816 0 0 72 31 
7 255 0.112379 0.0120377 0.0120377 0.553484 0 0 198 166 
7 294 0 0.00425846 0.00425846 0.953729 0 0 129 40 
7 71 0.309243 0.0011164 0.0011164 0.993124 0 0 N N 
7 222 0 0.00802928 0.00802928 0.82567 0 0 90 88 
7 310 0 0.00620022 0.00620022 0.649194 0 0 212 269 
7 322 0.178759 0.000585038 0.000585038 0.966747 0 0 211 291 
7 332 0.295884 0.0157573 0.0157573 0.940076 0 0 238 127 
7 202 0 0.00669698 0.00669698 0.96344 0 0 17 145 
7 327 0.171485 0.00379508 0.00379508 0.988221 0 0 273 231 
7 227 0.0886228 0.00590951 0.00590951 0.837032 0 0 0 114 
7 19 0 0.000621019 0.000621019 0.982392 0 0 N N 
7 36 0.0404722 0.00429083 0.00429083 0.973686 0 0 N N 
7 300 0.116698 0.0154301 0.0154301 0.935933 0 0 206 116 
7 127 0 0.00538579 0.00538579 0.742557 0 0 62 95 
7 333 0.128596 0.0100482 0.0100482 0.942581 0 0 22 55 
7 307 0.0510098 0.00722014 0.00722014 0.617947 0 0 289 204 
7 289 0 0.00659588 0.00659588 0.617261 0 0 222 106 
7 160 3.33348e-07 0.0186644 0.0186644 0.776479 0 0 129 140 
7 116 0.0767398 0.0158637 0.0158637 0.933236 0 0 55 37 
7 252 0.238987 0.00710419 0.00710419 0.603215 0 0 162 179 
7 305 0.180901 0.00649582 0.00649582 0.949361 0 0 222 129 
7 254 0.26656 0.00345868 0.00345868 0.915522 0 0 71 22 
7 349 0 0.00837271 0.00837271 0.571872 0 0 269 255 
7 348 8.06405e-09 0.00545727 0.00545727 0.621533 0 0 252 289 
7 298 0.0896158 0.00147028 0.00147028 0.943455 0 0 46 129 
7 334 0.175074 0.0175063 0.0175063 0.875081 0 0 291 179 
7 340 0.0928978 0.00407341 0.00407341 0.993929 0 0 247 111 
7 266 0.052811 0.00245977 0.00245977 0.996544 0 0 227 44 
7 55 0.030692 0.00292614 0.00292614 0.995938 0 0 N N 
7 293 0 0.0093279 0.0093279 0.775011 0 0 65 211 
7 238 0.0494874 0.0182135 0.0182135 0.927281 0 0 116 173 
7 336 0.0896158 0.00114875 0.00114875 0.969139 0 0 168 277 
7 316 3.33361e-07 0.00644679 0.00644679 0.864114 0 0 62 135 
7 338 0 0.0095932 0.0095932 0.917767 0 0 291 298 
7 345 0 0.00473086 0.00473086 0.713494 0 0 2 173 
7 328 0 0.00798128 0.00798128 0.969467 0 0 204 216 
7 179 0.270126 0.00347534 0.00347534 0.932171 0 0 123 129 
7 189 4.29153e-09 0.00434774 0.00434774 0.981319 0 0 69 26 
7 123 0.205402 0.00239474 0.00239474 0.973245 0 0 90 98 
7 231 0 0.00756838 0.00756838 0.742621 0 0 141 135 
7 164 0.174628 0.00561118 0.00561118 0.993423 0 0 17 79 
7 163 0.340188 0.00116019 0.00116019 0.985947 0 0 5 146 
7 315 0 0.00640848 0.00640848 0.733664 0 0 173 280 
7 269 0 0.00891135 0.00891135 0.59938 0 0 210 138 
7 323 0.121107 0.00939319 0.00939319 0.968256 0 0 173 166 
7 22 0.192451 0.00776134 0.00776134 0.946029 0 0 N N 
7 319 0 0.00487111 0.00487111 0.935432 0 0 216 211 
7 26 0.155306 0.00157484 0.00157484 0.982559 0 0 N N 
7 306 0 0.00828035 0.00828035 0.915285 0 0 211 111 
7 216 4.29153e-09 0.00412539 0.00412539 0.977457 0 0 134 54 
7 166 0 0.00512025 0.00512025 0.945896 0 0 129 115 
7 326 0.282583 0.00118275 0.00118275 0.959067 0 0 166 123 
7 135 0 0.00275917 0.00275917 0.987237 0 0 53 19 
7 339 0 0.00528574 0.00528574 0.975262 0 0 19 227 
7 277 0.178759 0.00364363 0.00364363 0.969295 0 0 130 223 
7 296 0.205402 0.0025427 0.0025427 0.969402 0 0 127 220 
7 272 0 0.00509993 0.00509993 0.995275 0 0 170 62 
7 145 3.33361e-07 0.00128022 0.00128022 0.98539 0 0 80 54 
7 204 0.0848057 0.00999189 0.00999189 0.819317 0 0 58 164 
7 129 0.131256 0.0245067 0.0245067 0.818165 0 0 62 42 
7 288 0 0.00571588 0.00571588 0.728084 0 0 54 19 
7 317 0 0.00288411 0.00288411 0.972713 0 0 140 54 
7 302 0.106164 0.00900152 0.00900152 0.959234 0 0 247 37 
7 211 0 0.00531818 0.00531818 0.77118 0 0 54 17 
7 342 0.20179 0.00299325 0.00299325 0.919885 0 0 286 129 
7 111 3.15905e-09 0.0088715 0.0088715 0.69328 0 0 69 81 
7 313 0 0 0 0 0 0 293 284 
7 62 0 0.00530946 0.00530946 0.70572 0 0 N N 
7 15 0 0.00236248 0.00236248 0.953851 0 0 N N 
7 280 0 0.00387954 0.00387954 0.996366 0 0 81 225 
7 168 0 0.00092406 0.00092406 0.955022 0 0 74 56 
7 291 0 0.00968006 0.00968006 0.920892 0 0 206 220 
7 325 0.142857 0.000788579 0.000788579 0.949785 0 0 269 215 
7 37 0.0523832 0.00972161 0.00972161 0.554759 0 0 N N 
7 247 1.43708e-07 0.00939386 0.00939386 0.996339 0 0 131 22 
7 303 0.0128062 0.00680332 0.00680332 0.81593 0 0 293 36 
7 206 0 0.00368095 0.00368095 0.992672 0 0 37 130 
7 273 0.107964 0.00314796 0.00314796 0.956961 0 0 54 127 
7 235 0.0943451 0.00393838 0.00393838 0.985415 0 0 22 189 
7 212 6.06915e-09 0.00363584 0.00363584 0.94291 0 0 116 30 
7 218 0 0.00498367 0.00498367 0.947218 0 0 62 166 
7 347 0.49982 0.000559214 0.000559214 0.988563 0 0 36 265 
7 54 3.33361e-07 0.00378818 0.00378818 0.970925 0 0 N N 
7 69 0 0.012282 0.012282 0.745934 0 0 N N 
7 81 2.45756e-08 0.00081512 0.00081512 0.984244 0 0 N N 
7 161 0 0.00168997 0.00168997 0.994638 0 0 31 106 
7 271 0 0.00709768 0.00709768 0.738082 0 0 162 231 
7 331 0 0.00525057 0.00525057 0.94074 0 0 203 218 
7 285 0.0985283 0.00188831 0.00188831 0.962584 0 0 48 216 
7 329 0.166666 0.00401429 0.00401429 0.986922 0 0 129 189 
7 241 0.280003 0.00427826 0.00427826 0.942069 0 0 27 112 
7 284 2.45756e-08 0.00116318 0.00116318 0.981624 0 0 58 110 
7 265 0 0.00326703 0.00326703 0.882626 0 0 17 198 
7 350 0.0305614 0.0130984 0.0130984 0.748274 0 0 69 116 
7 351 0.253306 0.0105411 0.0105411 0.931467 0 0 300 166 
7 352 2.23736e-09 0.0045714 0.0045714 0.72326 0 0 305 253 
7 353 0.286157 0.000473589 0.000473589 0.992905 0 0 327 307 
7 354 0 0.0112265 0.0112265 0.926282 0 0 37 289 
7 355 0.257876 0.00250351 0.00250351 0.996159 0 0 329 333 
7 356 0.0985283 0.00677294 0.00677294 0.929922 0 0 202 332 
7 357 0.184255 0.00117574 0.00117574 0.987879 0 0 289 302 
7 358 0.1 0.000292696 0.000292696 0.963803 0 0 322 342 
7 359 0 0.00410595 0.00410595 0.94232 0 0 212 271 
7 360 0.0224722 0.00469336 0.00469336 0.913069 0 0 237 305 
7 361 0.260434 0.00380719 0.00380719 0.910062 0 0 204 166 
7 362 0 0.00480103 0.00480103 0.981041 0 0 111 189 
7 363 0.0602163 0.0047199 0.0047199 0.994217 0 0 216 219 
7 364 0.0414367 0.0026384 0.0026384 0.692725 0 0 300 334 
7 365 0.448674 0.00641138 0.00641138 0.693647 0 0 305 303 
7 366 0 0.00807805 0.00807805 0.736137 0 0 62 231 
7 367 0.168722 0.00233334 0.00233334 0.855104 0 0 333 349 
7 368 0 0 0 0 0 0 247 284 
7 369 0.0996745 0.00348002 0.00348002 0.933818 0 0 302 252 
7 370 0.243505 0.00903138 0.00903138 0.917854 0 0 291 300 
7 371 1.43708e-07 0.00780291 0.00780291 0.996263 0 0 319 247 
7 372 0.107964 0.0120689 0.0120689 0.884223 0 0 305 284 
7 373 0.106164 0.00568929 0.00568929 0.969012 0 0 247 271 
7 374 0.11095 0.0123691 0.0123691 0.605333 0 0 334 22 
7 375 0.0182209 0.0109273 0.0109273 0.678457 0 0 319 323 
7 376 0.128596 0.00104562 0.00104562 0.970319 0 0 160 291 
7 377 0 0.00190615 0.00190615 0.94095 0 0 334 222 
7 378 0.0974115 1.76427e-06 1.76427e-06 0.999908 0 0 127 334 
7 379 0.11095 0.0116956 0.0116956 0.930261 0 0 253 332 
7 380 0 0.00405663 0.00405663 0.644789 0 0 316 269 
7 381 0 0.00327929 0.00327929 0.977405 0 0 327 216 
7 382 0 0.0172714 0.0172714 0.777374 0 0 160 303 
7 383 0.116698 0.00572211 0.00572211 0.954558 0 0 36 306 
7 384 0.153473 0.00132027 0.00132027 0.986223 0 0 319 333 
7 385 0.0494874 0.0161098 0.0161098 0.922234 0 0 238 332 
7 386 0 0.0065876 0.0065876 0.967113 0 0 241 252 
7 387 0.0100499 0.0209983 0.0209983 0.678805 0 0 291 305 
7 388 0.187691 0.00301552 0.00301552 0.996338 0 0 111 333 
7 389 0 0.00283548 0.00283548 0.994943 0 0 219 211 
7 390 0.0278209 0.000579357 0.000579357 0.830921 0 0 204 286 
7 391 0.0839047 0.0008272 0.0008272 0.91954 0 0 227 218 
7 392 0.0928978 0.00154854 0.00154854 0.757074 0 0 111 160 
7 393 0 0.00381065 0.00381065 0.63092 0 0 349 269 
7 394 0 0.00546724 0.00546724 0.993921 0 0 266 37 
7 395 0.240211 0.00290262 0.00290262 0.946998 0 0 247 286 
7 396 0.0404722 0.00167595 0.00167595 0.726894 0 0 310 241 
7 397 0 0.00516072 0.00516072 0.994405 0 0 247 288 
7 398 0 0.00412651 0.00412651 0.947737 0 0 339 310 
7 399 0.0753392 0.00101539 0.00101539 0.945339 0 0 252 265 
