generation idgenome branching connectivity1 connectivity2 coverage effective_joints length_ratio sensors symmetry total_components
1 0 0 0.2 1 0.583 0.8 0.333 0.125 0 0.07
1 1 0 0.125 1 0.444 0.4 0.333 0.277778 0.4 0.12
1 2 0 0.4 0.6 0.7 0.4 0.4 0 0 0.07
1 3 0 0 0 1 0 1 1 0 0.01
1 4 0 0.5 1 1 0 0.333 0.25 0 0.03
1 5 0 0.357 0.556 0.625 0.333 0.125 0 0 0.2
1 6 0 0.154 0.941 0.594 0.706 0.5 0.1 0.267 0.19
1 7 0 0.333 1 1 1 0.25 0.333333 0 0.04
1 8 0 0.1 1 0.583 0.583 0.667 0.153846 0 0.14
1 9 0 0.333 1 1 1 0.25 0 0 0.04
1 10 0 0.25 0.778 0.314 0.667 0.714 0 0.333 0.11
1 11 0 0.5 1 0.75 0 1 0.2 0 0.03
1 12 0 0.5 1 1 1 0.333 0 0 0.03
1 13 0 0.667 0.5 1 0 1 0.285714 0 0.04
1 14 0 0 0 1 0 1 0.5 0 0.01
1 15 0 0.167 1 1 1 0.111 0.333333 0 0.09
1 16 0 0.333 0.857 0.563 0.286 0.25 0.384615 0 0.09
1 17 0 0.25 1 1 1 0.167 0 0 0.06
1 18 0 0.429 0.625 0.476 0.625 0.429 0.166667 0 0.1
1 19 0 0.25 1 1 1 0.2 0.333333 0 0.05
1 20 0 0.4 0.6 0.438 0 1 0.2 0 0.07
1 21 0 0.273 0.714 0.485 0.571 0.273 0.166667 0 0.16
1 22 0 0.125 1 0.55 0.556 0.8 0.272727 0 0.11
1 23 0 1 0 1 0 0.5 0.166667 0 0.02
1 24 0 0.143 1 0.667 0.625 0.6 0.222222 0.75 0.1
1 25 0 1 0 0.75 0 1 1 0 0.03
1 26 0 0.125 1 0.367 0.667 0.833 0 0.222 0.11
1 27 0 0.5 0.5 0.6 0.5 0.4 0 0 0.06
1 28 0 0.125 1 0.367 0.667 0.833 0.0833333 0.25 0.11
1 29 0 0.5 0.667 0.833 0 0.667 0.333333 0.667 0.05
1 30 0 0.143 1 0.417 0.5 0.375 0 0 0.1
1 31 0 0.5 0.571 0.45 0.429 0.8 0.4 0 0.09
1 32 0 0.25 1 0.625 0.667 0.5 0.2 0 0.05
1 33 0 0.5 0.75 0.6 0.75 0.4 0.4 0 0.06
1 34 0 0.143 1 0.556 0.75 0.5 0 0 0.1
1 35 0 1 0 1 0 0.333 0.2 1 0.03
1 36 0 0.125 1 1 0.9 0.083 0.2 0 0.12
1 37 0 0.071 1 1 1 0.05 0 0 0.2
1 38 0 0.5 0.429 0.36 0.143 1 0 0.4 0.09
1 39 0 0.333 1 1 1 0.25 0.333333 0 0.04
1 40 0 0.111 1 1 1 0.077 0.666667 0 0.13
1 41 0 0.25 1 0.833 0.333 0.667 0 0 0.05
1 42 0 0.167 0.867 0.567 0.4 0.833 0.047619 0.714 0.17
1 43 0 0.5 1 0.75 0 1 0.25 0 0.03
1 44 0 0.333 1 1 1 0.25 0 0 0.04
1 45 0 0.1 1 0.833 0.692 0.5 0 0.909 0.15
1 46 0 0.4 0.6 0.438 0.6 1 0 0 0.07
1 47 0 0.375 0.667 0.393 0.556 0.571 0 0.222 0.11
1 48 0 0.25 1 0.667 0.5 1 0.285714 0 0.06
1 49 0 1 0 1 0 0.5 0.166667 0 0.02
1 50 0 0.125 1 0.733 0.667 0.6 0 0 0.11
1 51 0 0 0 1 0 1 0.5 0 0.01
1 52 0 0.667 0.5 0.667 0.5 0.667 0.2 0 0.04
1 53 0 0.25 1 1 1 0.2 0 0 0.05
1 54 0 0.25 1 1 1 0.167 0.333333 0 0.06
1 55 0 0.056 1 1 0.708 0.038 0 0 0.26
1 56 0 0.167 1 0.667 0.5 0.333 0.0833333 0 0.08
1 57 0 0.4 0.6 0.583 0.6 0.333 0 0 0.07
1 58 0 0.25 1 0.6 0.5 0.4 0.142857 0 0.06
1 59 0 0.5 0.75 0.5 0.5 0.75 0 0.4 0.06
1 60 0 0.333 1 1 1 0.25 0 0 0.04
1 61 0 0.333 1 0.667 0.5 0.667 0 0 0.04
1 62 0 0.167 1 1 1 0.111 0.333333 0 0.09
1 63 0 0.333 1 0.667 0.5 0.667 0 0 0.04
1 64 0 0.2 1 1 1 0.143 0 0 0.07
1 65 0 0.286 0.875 0.556 0.875 0.222 0 0 0.1
1 66 0 0.1 1 0.467 0.667 0.3 0.285714 0 0.14
1 67 0 0.1 1 0.7 0.583 0.8 0.153846 0.667 0.14
1 68 0 0.667 0.5 0.667 0 0.667 0.142857 0 0.04
1 69 0 0.286 0.875 0.556 0.875 0.222 0 0 0.1
1 70 0 0.2 0.846 0.5 0.615 0.833 0.1 0 0.15
1 71 0 0.286 0.75 0.333 0.375 0.833 0.4 0 0.1
1 72 0 0.25 1 0.6 0.5 0.4 0.142857 0 0.06
1 73 0 0.25 1 0.625 0.667 0.5 0.25 0 0.05
1 74 0 0.4 0.6 0.467 0.6 0.6 0.2 0.5 0.07
1 75 0 0.286 0.875 0.556 0.875 0.222 0 0 0.1
1 76 0 1 0 1 0 0.333 0.4 1 0.03
1 77 0 0.75 0.25 0.75 0 0.5 0.142857 0.5 0.06
1 78 0 0.5 1 1 1 0.333 0.333333 0 0.03
1 79 0 0.1 1 0.333 0.538 0.556 0 0 0.15
1 80 0 0.071 1 0.202 0.667 0.818 0.166667 0.154 0.2
1 81 0 0.25 1 0.6 0.75 0.4 0 0 0.06
1 82 0 0.25 1 0.625 0.333 0.5 0.2 0 0.05
1 83 0 1 0 1 0 0.333 0 1 0.03
1 84 0 0.25 1 1 1 0.2 0.666667 0 0.05
1 85 0 0.333 1 1 1 0.25 0 0 0.04
1 86 0 0.5 0.667 1 0.667 0.2 0 0.5 0.05
1 87 0 0 0 1 0 1 1 0 0.01
1 88 0 0.25 1 0.6 0.75 0.4 0 0 0.06
1 89 0 0.4 0.6 0.583 0 0.75 0 0.5 0.07
1 90 0 0.222 0.818 0.265 0.636 1 0.125 0.333 0.13
1 91 0 0.4 0.6 0.583 0.4 0.75 0.0833333 0.5 0.07
1 92 0 0.25 0.778 0.393 0.333 0.571 0.0833333 0 0.11
1 93 0 0.2 0.833 0.259 0.667 0.667 0.125 0 0.14
1 94 0 0.25 1 0.625 0.667 0.5 0 0 0.05
1 95 0 0 0 1 0 1 0.25 0 0.01
1 96 0 0.4 0.6 0.467 0.6 0.6 0.142857 0 0.07
1 97 0 0.2 1 0.467 0.6 0.6 0.285714 0 0.07
1 98 0 0.2 1 1 1 0.143 1 0 0.07
1 99 0 0.167 1 0.4 0 0.8 0 0 0.08
2 100 0 0.333 1 1 1 0.25 0.333333 0 0.04
2 101 0 0.6 0.2 0.583 0 0.75 0.1 0.5 0.07
2 102 0 0.2 1 1 1 0.143 0 0 0.07
2 103 0 0.091 1 0.444 0.714 0.25 0.285714 0 0.16
2 104 0 1 0 1 0 0.5 0.333333 0 0.02
2 105 0 0.5 0.75 0.5 0.25 0.75 0.333333 0 0.06
2 106 0 0.083 1 1 1 0.059 0 0 0.17
2 107 0 0.75 0.25 0.667 0 1 0 0.667 0.06
2 108 0 0.125 1 1 0.9 0.083 0.2 0 0.12
2 109 0 0.333 1 1 1 0.25 0.5 0 0.04
2 110 0 0.2 1 0.467 0.6 0.6 0 0 0.07
2 111 0 0.125 1 1 1 0.083 0 0 0.12
2 112 0 0.125 1 0.44 0.333 1 0.166667 0 0.11
2 113 0 0.333 1 1 1 0.25 0.333333 0 0.04
2 114 0 0.059 1 1 0.696 0.04 0 0 0.25
2 115 0 0.077 1 0.264 0.882 0.889 0.2 0.353 0.19
2 116 0 0.059 1 1 0.826 0.04 0 0 0.25
2 117 0 0.25 1 0.5 0.5 0.75 0.142857 0 0.06
2 118 0 0.5 1 1 1 0.333 1 0 0.03
2 119 0 0.167 1 0.4 0 0.8 0 0 0.08
2 120 0 0.071 1 0.417 0.611 0.75 0.176471 0 0.2
2 121 0 0.667 0.5 1 0.5 0.25 0.125 0.667 0.04
2 122 0 0.4 0.8 0.438 0.2 1 0 0.333 0.07
2 123 0 0.2 1 1 1 0.143 1 0 0.07
2 124 0 0.25 0.733 0.386 0.6 0.364 0 0 0.17
2 125 0 0.083 1 0.531 0.933 0.125 0 0 0.17
2 126 0 0.167 1 1 1 0.111 0.166667 0 0.09
2 127 0 0.2 1 0.583 0.8 0.333 0.25 0 0.07
2 128 0 0.2 1 0.438 0.6 1 0 0 0.07
2 129 0 0.083 1 0.378 0.867 0.2 0.2 0 0.17
2 130 0 0.5 0.444 0.367 0.222 0.833 0.214286 0 0.11
2 131 0 0.125 1 0.458 0.667 0.667 0.0833333 0.286 0.11
2 132 0 0.2 1 1 1 0.143 0 0 0.07
2 133 0 0.125 1 0.55 0.889 0.2 0 0 0.11
2 134 0 0.25 0.889 0.55 0.889 0.2 0 0 0.11
2 135 0 0.2 1 1 1 0.143 0 0 0.07
2 136 0 0.333 1 1 1 0.25 0 0 0.04
2 137 0 0.5 0.75 0.5 0.5 0.75 0 0 0.06
2 138 0 0.333 1 1 1 0.25 0.333333 0 0.04
2 139 0 0.125 1 0.733 0.444 0.6 0 0 0.11
2 140 0 0.2 1 0.583 0.6 0.75 0.428571 0 0.07
2 141 0 0.125 1 1 1 0.083 0 0 0.12
2 142 0 1 0 0.75 0 1 1 0 0.03
2 143 0 0.333 1 1 1 0.25 0.333333 0 0.04
2 144 0 0.111 1 0.542 0.455 0.667 0.133333 0 0.13
2 145 0 0.167 1 1 1 0.125 0.333333 0 0.08
2 146 0 0.25 1 0.667 0.5 1 0.285714 0 0.06
2 147 0 0.2 1 0.467 0.8 0.6 0 0 0.07
2 148 0 0.5 1 1 1 0.333 0.333333 0 0.03
2 149 0 0.667 0.5 1 0 1 0.285714 0 0.04
3 150 0 0.037 1 0.301 0.789 0.368 0 0.789 0.4
3 151 0 0.5 0.667 0.625 0.333 0.5 0 0 0.05
3 152 0.333 0.5 0.5 0.343 0 0.714 0 0 0.12
3 153 0 0.2 1 0.467 0.2 0.6 0.214286 0 0.07
3 154 0 0.5 0.333 0.556 0.333 1 0 0 0.05
3 155 0 0.083 1 0.375 0.875 0.188 0 0 0.18
3 156 0 0.273 0.714 0.291 0.571 0.455 0.166667 0 0.16
3 157 0 0.071 1 0.476 0.778 0.857 0 0.333 0.2
3 158 0 0.056 1 0.169 0.52 0.4 0.185185 0 0.27
3 159 0 0.5 0.75 0.6 0.25 0.4 0.333333 0.8 0.06
3 160 0 0.125 1 1 1 0.083 0.333333 0 0.12
3 161 0 0.1 1 1 1 0.067 0 0 0.15
3 162 0 0.056 1 0.25 0.52 0.75 0 0 0.27
3 163 0 0.4 0.6 0.583 0.4 0.75 0.111111 0 0.07
3 164 0 0.1 1 0.333 0.538 0.556 0 0 0.15
3 165 0 0.2 1 0.583 0.6 0.75 0.428571 0.4 0.07
3 166 0 0.071 1 0.333 0.833 0.267 0 0.222 0.2
3 167 0 0.333 1 1 1 0.25 0.166667 0 0.04
3 168 0 0.5 0.333 0.556 0.333 1 0.285714 1 0.05
3 169 0 0.333 1 0.667 0.5 0.667 0.375 0 0.04
3 170 0 0.167 1 1 1 0.111 0 0 0.09
3 171 0 0.333 1 1 1 0.25 0.333333 0 0.04
3 172 0 0.071 1 0.571 0.722 0.714 0.307692 0 0.2
3 173 0 0.2 0.833 0.333 0.667 0.857 0.0714286 0 0.14
3 174 0 0.25 1 0.625 0.667 0.5 0 0 0.05
3 175 0 0.333 1 1 1 0.25 0 0 0.04
3 176 0 0.5 0.5 0.5 0.5 0.75 0 1 0.06
3 177 0 1 0 1 0 0.333 0.2 1 0.03
3 178 0 0.25 0.889 0.55 0.889 0.2 0 0 0.11
3 179 0 0.333 0.714 0.429 0.714 0.429 0.25 0.333 0.09
3 180 0 0.25 0.8 0.429 0.5 0.571 0 0 0.12
3 181 0 0.333 1 1 0 1 0 0 0.04
3 182 0 0.5 1 1 1 0.333 0.5 0 0.03
3 183 0 0.2 1 0.583 0.8 0.333 0.2 0 0.07
3 184 0 0.125 1 0.314 0.667 0.714 0.222222 0 0.11
3 185 0 0.333 1 1 1 0.25 0 0 0.04
3 186 0 0.5 0.75 0.5 0.5 0.75 0.285714 0 0.06
3 187 0 0.5 0.333 0.556 0 1 0.5 0 0.05
3 188 0 0.25 1 1 1 0.2 0.666667 0 0.05
3 189 0 0.167 1 1 1 0.125 0 0 0.08
3 190 0 0.143 1 0.833 0.625 0.75 0.222222 0 0.1
3 191 0 0.2 1 0.467 0.8 0.6 0.2 0 0.07
3 192 0 0.2 1 1 1 0.143 1 0 0.07
3 193 0 0.2 1 0.875 0.2 0.5 0.272727 0 0.07
3 194 0 0.2 1 0.583 0.6 0.75 0 0.4 0.07
3 195 0 0.333 0.727 0.52 0.455 1 0.111111 0.444 0.13
3 196 0 0.25 1 0.833 0 0.667 0 0 0.05
3 197 0 0.25 1 0.833 0.333 0.667 0.2 0 0.05
3 198 0 0.077 1 0.432 0.824 0.364 0 0 0.19
3 199 0 0.25 0.778 0.611 0.556 0.222 0.142857 0 0.11
4 200 0 0.071 1 0.556 0.5 1 0 0 0.2
4 201 0 0.4 0.8 0.467 0.6 0.6 0 0 0.07
4 202 0 0.2 1 0.583 0.8 0.333 0.25 0 0.07
4 203 0 0.111 1 1 0.909 0.077 0.2 0 0.13
4 204 0 0.111 1 1 0.636 0.077 0 0 0.13
4 205 0 0.167 1 1 1 0.111 0.166667 0 0.09
4 206 0 0.4 0.583 0.4 0.5 0.714 0.111111 0.333 0.14
4 207 0 0.333 0.667 0.667 0.5 0.333 0.166667 0 0.08
4 208 0 0.125 1 0.444 0.4 0.333 0.277778 0.4 0.12
4 209 0 0.333 0.667 0.444 0.667 0.5 0.2 0 0.08
4 210 0 0.25 1 0.625 0.333 0.5 0.1 0 0.05
4 211 0 0.167 1 1 0.857 0.111 0 0 0.09
4 212 0 0.167 1 1 0.833 0.125 0 0 0.08
4 213 0 0.25 1 1 1 0.167 0.666667 0 0.06
4 214 0 0.067 1 0.244 0.85 0.4 0 0.267 0.22
4 215 0 0.167 1 0.563 0.714 0.25 0 0 0.09
4 216 0 0.25 1 1 1 0.167 0 0 0.06
4 217 0 0.111 1 0.542 0.909 0.167 0 0 0.13
4 218 0 0.071 1 0.333 0.833 0.267 0 0.222 0.2
4 219 0 0.154 0.882 0.292 0.647 0.385 0.25 0.2 0.19
4 220 0 0.2 1 1 1 0.143 1 0 0.07
4 221 0 0.357 0.556 0.625 0.333 0.125 0 0 0.2
4 222 0 0.167 1 1 0.857 0.111 0 0 0.09
4 223 0 0.1 1 0.268 0.538 0.875 0.0666667 0 0.15
4 224 0 0.167 1 1 1 0.125 0.333333 0 0.08
4 225 0 0.167 1 1 1 0.125 0 0 0.08
4 226 0 0.4 0.6 0.583 0.6 0.333 0.2 0 0.07
4 227 0 0.071 1 1 0.611 0.05 0 0 0.2
4 228 0 0.071 1 0.333 0.833 0.267 0 0.222 0.2
4 229 0 0.083 1 0.375 0.938 0.188 0 0 0.18
4 230 0 0.25 1 1 1 0.167 0 0 0.06
4 231 0 0.167 1 1 1 0.111 0 0 0.09
4 232 0 0.4 0.6 0.467 0.4 0.6 0.555556 0 0.07
4 233 0 0 0 1 0 1 0.25 0 0.01
4 234 0 0.1 1 0.389 0.833 0.25 0 0 0.14
4 235 0 0.167 1 1 0.667 0.125 0 0 0.08
4 236 0 0.333 1 1 1 0.25 0 0 0.04
4 237 0 0.111 1 0.542 0.909 0.167 0.4 0 0.13
4 238 0 0.077 1 1 0.765 0.053 0 0 0.19
4 239 0 0.25 1 1 1 0.167 0 0 0.06
4 240 0 0.2 1 1 1 0.143 1 0 0.07
4 241 0 0.1 1 0.292 0.667 0.75 0.545455 0 0.14
4 242 0 0.125 1 1 0.556 0.091 0 0 0.11
4 243 0 0.1 1 0.292 0.583 0.75 0 0.167 0.14
4 244 0 0.091 1 1 0.929 0.063 0.2 0 0.16
4 245 0 0.333 1 0.667 0.5 0.667 0.2 0 0.04
4 246 0 0.2 1 1 0.8 0.143 0 0 0.07
4 247 0 0.083 1 0.327 0.875 0.455 0.142857 0.375 0.18
4 248 0 0.25 1 1 1 0.2 0 0 0.05
4 249 0 0.333 0.833 0.571 0.667 0.286 0 0 0.08
5 250 0 0.333 0.857 1 0.857 0.111 0.5 0.25 0.09
5 251 0 0.2 1 1 1 0.143 0.666667 0 0.07
5 252 0 0.125 0.905 0.256 0.81 0.278 0 0 0.23
5 253 0 0.077 1 1 0.588 0.053 0 0 0.19
5 254 0 0.077 1 1 0.588 0.053 0 0 0.19
5 255 0 0.25 1 1 1 0.2 0 0 0.05
5 256 0 0.2 1 0.467 0.8 0.6 0 0 0.07
5 257 0 0.167 1 1 1 0.125 0.333333 0 0.08
5 258 0 0.167 1 1 1 0.125 0 0 0.08
5 259 0 0.5 1 1 1 0.333 0 0 0.03
5 260 0 0.167 1 0.533 0.667 0.6 0.285714 0 0.08
5 261 0 0.5 0.667 1 0.667 0.2 0.5 0.5 0.05
5 262 0 0.2 1 1 1 0.143 1 0 0.07
5 263 0 0.25 1 0.833 0.333 0.667 0 0 0.05
5 264 0 0.077 1 0.209 0.765 0.538 0 0 0.19
5 265 0 0.125 1 1 1 0.083 0 0 0.12
5 266 0 0.167 1 1 1 0.111 0 0 0.09
5 267 0 0.167 1 0.563 0.857 0.25 0.25 0 0.09
5 268 0 0.333 0.818 0.542 0.545 0.167 0 0.182 0.13
5 269 0 0.167 1 0.4 0.833 0.8 0 0 0.08
5 270 0 0.167 1 1 1 0.125 0.333333 0 0.08
5 271 0 0.091 1 0.533 0.929 0.133 0 0 0.16
5 272 0 0.167 1 1 1 0.111 0 0 0.09
5 273 0 0.1 1 1 0.692 0.067 0.0909091 0 0.15
5 274 0 0.077 1 1 0.765 0.053 0 0 0.19
5 275 0 0.125 1 0.407 0.889 0.333 0 0 0.11
5 276 0 0.071 1 0.317 0.722 0.778 0.375 0.111 0.2
5 277 0 0.071 1 0.185 0.722 0.75 0 0 0.2
5 278 0 0.125 1 1 0.9 0.083 0.2 0 0.12
5 279 0 0.25 1 1 1 0.167 0 0 0.06
5 280 0 0.167 1 0.6 0.714 0.6 0.2 0 0.09
5 281 0 1 0 1 0 0.5 0.666667 0 0.02
5 282 0 0.091 1 0.381 0.929 0.214 0 0 0.16
5 283 0 0.333 1 0.667 0.5 0.667 0.25 0 0.04
5 284 0 0.333 1 0.667 0.5 0.667 0.2 0 0.04
5 285 0 0.25 1 1 1 0.2 0.666667 0 0.05
5 286 0 0.083 1 0.378 0.933 0.2 0 0 0.17
5 287 0 0.1 1 1 0.667 0.071 0.0909091 0 0.14
5 288 0 0.1 1 1 1 0.067 0 0 0.15
5 289 0 0.5 1 0.75 0 1 0.125 0 0.03
5 290 0 0.25 0.8 0.667 0.5 0.5 0.0769231 0.4 0.12
5 291 0 0.25 0.778 0.314 0.667 0.714 0 0.25 0.11
5 292 0 0.25 1 0.6 0.75 0.4 0 0 0.06
5 293 0 0.25 1 1 1 0.167 0 0 0.06
5 294 0 0.167 1 0.6 0.571 0.6 0.166667 0 0.09
5 295 0 0.167 0.875 0.214 0.563 0.583 0.0714286 0 0.18
5 296 0 0.25 1 1 1 0.2 0 0 0.05
5 297 0 0.063 1 0.365 0.81 0.143 0 0 0.23
5 298 0 0.143 0.889 0.22 0.833 0.538 0 0 0.2
5 299 0 0.167 1 1 1 0.111 0 0 0.09
5 250 0 0.2 1 0.467 0.6 0.6 0.1 0 0.07
5 251 0 0.1 1 0.333 0.538 0.556 0 0 0.15
5 252 0 0.25 0.8 0.4 0.6 0.3 0.125 0.222 0.12
5 253 0 0.083 1 0.304 0.933 0.286 0.2 0 0.17
5 254 0 0.071 1 0.556 0.5 1 0.142857 0 0.2
5 255 0 0.071 1 0.294 0.833 0.235 0 0 0.2
5 256 0 0.125 1 1 0.8 0.333 0 0 0.12
5 257 0 0.143 1 1 1 0.1 0.333333 0 0.1
5 258 0 0.25 0.733 0.386 0.6 0.364 0 0 0.17
5 259 0 0.2 0.846 0.417 0.769 0.25 0 0 0.15
5 260 0 0.5 1 1 1 0.333 0.333333 0 0.03
5 261 0 0.1 1 0.238 0.769 0.778 0 0 0.15
5 262 0 0.111 1 0.433 0.364 0.833 0.1 0 0.13
5 263 0 0.25 1 0.625 0.667 0.5 0.25 0 0.05
5 264 0 0.167 1 0.889 0.5 1 0.5 1 0.08
5 265 0 0.25 1 1 1 0.167 0 0 0.06
5 266 0 0.167 1 1 0.571 0.111 0 0 0.09
5 267 0 0.25 1 1 1 0.2 0 0 0.05
5 268 0 0.25 1 1 1 0.167 0.166667 0 0.06
5 269 0 0.167 1 1 1 0.111 0.333333 0 0.09
5 270 0 0.2 1 0.7 0.6 0.4 0.3 0 0.07
5 271 0 0.167 1 1 1 0.111 0 0 0.09
5 272 0 0.25 1 1 1 0.167 0 0 0.06
5 273 0 0.125 1 0.333 0.8 0.444 0.285714 0 0.12
5 274 0 0.4 0.6 0.583 0.6 0.333 0.142857 0 0.07
5 275 0 0.167 1 1 1 0.111 0.166667 0 0.09
5 276 0 0.25 1 0.6 0.75 0.4 0.125 0 0.06
5 277 0 0.125 1 0.286 0.5 0.857 0 0 0.12
5 278 0 0.333 0.857 0.563 0.857 0.25 0 0 0.09
5 279 0 0.1 1 0.313 0.846 0.333 0.142857 0 0.15
5 280 0 0.167 1 1 1 0.125 0 0 0.08
5 281 0 0.333 0.714 0.6 0.429 0.6 0.0714286 0 0.09
5 282 0 0.25 1 1 1 0.2 0 0 0.05
5 283 0 0.125 1 0.44 0.556 1 0.142857 0.444 0.11
5 284 0 0.25 1 0.6 0.75 0.4 0 0 0.06
5 285 0 0.167 1 0.444 0.667 0.5 0.2 0 0.08
5 286 0 0.056 1 1 0.75 0.038 0 0 0.26
5 287 0 0.125 1 1 0.556 0.091 0 0 0.11
5 288 0 0.125 1 1 1 0.083 0 0 0.12
5 289 0 0.167 1 1 0.833 0.125 0 0 0.08
5 290 0 0.111 1 0.929 0.364 0.286 0.05 0.182 0.13
5 291 0 0.05 1 1 1 0.033 0 0 0.3
5 292 0 0.143 1 0.357 0.5 0.571 0.181818 0 0.1
5 293 0 0.125 1 1 1 0.083 0 0 0.12
5 294 0 0.1 1 0.385 0.923 0.231 0 0 0.15
5 295 0 0.5 0.667 0.625 0.333 0.5 0.2 0.5 0.05
5 296 0 0.071 1 1 1 0.05 1 0 0.2
5 297 0 0.167 1 1 0.833 0.125 0 0 0.08
5 298 0 0.167 1 0.571 0.667 0.286 0.142857 0 0.08
5 299 0 0.667 0.5 0.667 0 0.667 0.2 0 0.04
6 300 0 0.125 1 0.55 0.778 0.2 0.142857 0 0.11
6 301 0 0.125 1 1 1 0.083 0.333333 0 0.12
6 302 0 0.125 1 0.429 0.8 0.571 0.142857 0.4 0.12
6 303 0 0.125 1 1 1 0.091 0 0 0.11
6 304 0 0.2 1 1 0.8 0.143 0.2 0 0.07
6 305 0 0.071 1 0.317 0.833 0.778 0.333333 0 0.2
6 306 0 0.2 1 1 1 0.143 0 0 0.07
6 307 0 0.2 1 1 0.8 0.143 0 0 0.07
6 308 0 0.071 1 0.656 0.737 0.5 0 0.222 0.21
6 309 0 0.167 1 1 1 0.111 0 0 0.09
6 310 0 0.111 1 1 0.909 0.077 0 0 0.13
6 311 0 0.25 1 1 1 0.167 0 0 0.06
6 312 0 0.167 1 0.8 0.667 0.4 0.285714 0 0.08
6 313 0 0 0 1 0 1 0 0 0.01
6 314 0 0.1 0.929 0.517 0.643 0.069 0 0 0.3
6 315 0 0.167 1 1 1 0.111 0 0 0.09
6 316 0 0.167 1 1 1 0.125 0.333333 0 0.08
6 317 0 0.25 1 1 1 0.167 0.333333 0 0.06
6 318 0 0.1 1 0.25 0.923 0.6 0 0 0.15
6 319 0 0.167 1 1 1 0.125 0 0 0.08
6 320 0 0.571 0.25 0.5 0.25 0.8 0.5 0.333 0.1
6 321 0 0.5 1 0.75 0 1 0.4 0 0.03
6 322 0 0.167 1 0.4 0.5 0.8 0.111111 0 0.08
6 323 0 0.25 0.8 0.545 0.8 0.182 0 0 0.12
6 324 0 0.333 1 0.667 0.5 0.667 0.125 0 0.04
6 325 0 0.2 1 0.583 0.6 0.333 0 0 0.07
6 326 0 0.4 0.6 0.467 0.6 0.6 0.25 0.5 0.07
6 327 0 0.2 1 0.467 0.8 0.6 0.2 0 0.07
6 328 0 0.125 1 0.458 0.556 0.667 0 0 0.11
6 329 0 0.25 1 1 1 0.167 0.166667 0 0.06
6 330 0 1 0 0.75 0 1 0.2 0 0.03
6 331 0 0.1 1 0.385 0.923 0.231 0 0 0.15
6 332 0 0.375 0.6 0.6 0.5 0.2 0.153846 0 0.12
6 333 0 0.1 1 0.467 0.833 0.833 0.428571 0 0.14
6 334 0 0.056 1 0.36 0.96 0.12 0 0 0.27
6 335 0 0.167 1 0.6 0.571 0.6 0.166667 0.286 0.09
6 336 0 0.2 1 0.583 0.6 0.333 0.142857 0 0.07
6 337 0 0.111 1 1 0.636 0.077 0 0 0.13
6 338 0 0.05 1 1 1 0.033 0 0 0.3
6 339 0 0.167 1 1 0.833 0.125 0 0 0.08
6 340 0 0.048 1 1 1 0.032 0.333333 0 0.31
6 341 0 0.667 0 0.667 0 0.667 0.2 1 0.04
6 342 0 0.053 1 0.233 0.692 0.3 0 0.167 0.28
6 343 0 0.125 1 1 1 0.083 0 0 0.12
6 344 0 0.182 0.857 0.4 0.714 0.4 0 0 0.16
6 345 0 0.167 1 1 1 0.111 0 0 0.09
6 346 0 0.25 0.778 0.55 0.444 0.8 0.0769231 0 0.11
6 347 0 0.75 0.5 0.5 0.25 0.75 0 0.5 0.06
6 348 0 0.167 1 1 0.857 0.111 0 0 0.09
6 349 0 0.167 1 1 1 0.111 0.333333 0 0.09
7 350 0 0.045 1 1 1 0.03 0 0 0.33
7 351 0 0.143 0.889 0.185 0.667 0.75 0 0 0.2
7 352 0 0.1 1 1 1 0.067 0 0 0.15
7 353 0 0.5 0.5 0.6 0.5 0.4 0 0 0.06
7 354 0 0.167 1 1 1 0.111 0 0 0.09
7 355 0 0.167 1 0.75 0.571 0.333 0.333333 0 0.09
7 356 0 0.125 1 0.375 0.7 0.5 0.222222 0 0.12
7 357 0 0.222 0.818 0.361 0.545 0.444 0.3 0.222 0.13
7 358 0 0.167 1 0.444 0.667 0.5 0.1 0 0.08
7 359 0 0.167 1 1 0.833 0.125 0 0 0.08
7 360 0 0.143 1 1 1 0.1 0 0 0.1
7 361 0 0.231 0.765 0.264 0.529 0.889 0 0 0.19
7 362 0 0.167 1 1 1 0.125 0 0 0.08
7 363 0 0.077 1 1 0.941 0.053 0 0 0.19
7 364 0 0.059 1 1 1 0.04 0 0 0.25
7 365 0 0.182 0.857 0.41 0.786 0.231 0 0.667 0.16
7 366 0 0.167 1 1 1 0.111 0 0 0.09
7 367 0 0.1 1 0.28 0.833 0.5 0.428571 0 0.14
7 368 0 0 0 1 0 1 0 0 0.01
7 369 0 0.083 1 0.3 0.938 0.267 0 0 0.18
7 370 0 0.182 0.857 0.286 0.786 0.875 0.222222 0 0.16
7 371 0 0.083 1 0.327 0.875 0.455 0.142857 0.375 0.18
7 372 0 0.111 1 0.325 0.727 0.4 0.222222 0 0.13
7 373 0 0.077 1 0.422 0.824 0.556 0.111111 0.353 0.19
7 374 0 0.111 1 0.325 0.909 0.4 0 0 0.13
7 375 0 0.111 1 1 1 0.077 0 0 0.13
7 376 0 0.167 1 0.4 0.833 0.8 0.375 0 0.08
7 377 0 0.25 1 1 1 0.167 0.333333 0 0.06
7 378 0 0.333 1 1 1 0.25 0.333333 0 0.04
7 379 0 0.1 1 0.28 0.917 0.5 0 0 0.14
7 380 0 0.2 1 1 1 0.143 0.333333 0 0.07
7 381 0 0.25 1 1 1 0.167 0 0 0.06
7 382 0 0.125 1 1 1 0.083 0.333333 0 0.12
7 383 0 0.143 1 0.556 0.875 0.222 0.2 0 0.1
7 384 0 0.2 1 0.467 0.6 0.6 0.285714 0 0.07
7 385 0 0.083 1 1 0.813 0.056 0 0 0.18
7 386 0 0.2 1 1 1 0.143 0.333333 0 0.07
7 387 0 0.05 1 1 1 0.034 0 0 0.29
7 388 0 0.071 1 0.222 0.722 0.4 0.5 0 0.2
7 389 0 0.2 1 1 1 0.143 0 0 0.07
7 390 0 0.053 1 1 0.731 0.036 0 0 0.28
7 391 0 0.125 1 0.4 0.9 0.3 0 0 0.12
7 392 0 0.067 1 1 1 0.045 0.333333 0 0.22
7 393 0 0.2 1 1 1 0.143 0.333333 0 0.07
7 394 0 0.167 1 1 1 0.111 0 0 0.09
7 395 0 0.286 0.684 0.35 0.579 0.6 0.1 0.421 0.21
7 396 0 0.143 1 1 0.875 0.1 0.2 0 0.1
7 397 0 0.167 1 1 1 0.125 0 0 0.08
7 398 0 0.167 1 1 1 0.111 0 0 0.09
7 399 0 0.25 1 1 0.75 0.167 0 0 0.06
